386773 2
386775 2
386776 2
386777 2
386825 2
386826 2
386827 2
386828 2
386829 2
386830 2
386831 2
386833 2
386838 2
386839 2
386841 2
386843 2
386844 2
386881 2
386882 2
386883 2
386884 2
386941 5
386942 5
386943 5
386946 5
386947 5
386948 5
386950 5
386951 5
386952 5
386954 5
387027 0
387068 0
387070 0
387072 0
387073 0
387076 0
387077 0
387078 0
387081 1
387082 1
387083 1
387086 1
387128 0
387129 0
387131 0
387138 0
387139 0
387227 0
387247 1
387250 1
387290 0
387292 0
387412 0
387414 0
387423 0
387424 0
387428 0
387430 0
387431 0
387433 0
387436 0
387539 0
387541 0
387543 0
387546 0
387550 0
387551 0
387552 0
387557 0
387558 0
387560 0
387561 0
387564 0
387565 0
387566 0
387570 0
387571 0
387649 0
387651 0
387658 0
387659 0
387660 0
387661 0
387666 0
387668 0
387669 0
387670 0
387672 0
387673 0
387674 0
387676 0
387710 0
387713 1
387719 2
387721 2
387724 0
387725 0
387784 0
387785 0
387787 0
387788 0
387790 0
387792 0
387793 0
387801 0
387802 0
387803 0
387806 0
387808 0
387809 0
387963 0
387966 0
387967 0
387968 0
387969 0
388004 1
388019 0
388020 0
388021 0
388022 0
388023 0
388038 0
388039 0
388042 0
388047 0
388050 0
388051 0
388052 0
388261 0
388263 0
388264 0
388265 0
388266 0
388403 0
388404 0
388405 0
388495 0
388536 0
388537 0
388538 0
388539 0
388540 0
388541 0
388545 0
388547 0
388548 0
388632 0
388633 0
388634 0
388638 0
388640 0
388690 2
388692 0
388693 0
388694 0
388696 0
388697 0
388698 0
388699 0
388700 0
388720 0
388721 0
388723 0
388724 1
388726 0
388742 0
388743 0
388744 0
388745 0
388837 0
388838 5
388839 0
388840 0
388858 0
388859 0
388860 0
388862 6
388863 0
388864 6
388865 0
388866 0
388978 5
388980 5
388981 5
388984 5
388985 5
388986 5
389119 0
389120 0
389121 0
389122 0
389123 0
389124 0
389126 0
389252 0
389257 0
389320 0
389321 0
389322 0
389323 0
389324 0
389325 0
389326 0
389327 0
389334 0
389335 5
389336 0
389338 0
389339 0
389424 0
389434 0
389435 0
389436 0
389444 0
389445 0
389446 0
389447 0
389471 0
389557 0
389558 0
389559 0
389560 0
389562 0
389570 0
389571 0
389573 0
389575 0
389576 0
389577 0
389578 0
389579 0
389586 0
389587 0
389588 0
389589 0
389590 0
389702 0
389703 0
389750 0
389752 0
389755 0
389756 0
389758 0
389759 0
389760 0
389761 0
389762 0
389765 0
389766 0
389767 0
389768 0
389904 0
389906 0
389907 5
389908 0
389909 0
390026 0
390029 0
390030 0
390031 0
390032 0
390033 0
390038 0
390039 0
390174 0
390175 0
390176 0
390230 0
390231 0
390232 0
390234 5
390236 0
390237 0
390239 0
390306 0
390311 0
390312 0
390313 0
390314 0
390315 0
390316 0
390318 0
390319 0
390418 0
390419 0
390421 0
390422 0
390423 0
390424 0
390425 0
390507 0
390510 0
390511 0
390512 0
390515 0
390517 0
390518 0
390519 0
390537 0
390538 0
390539 0
390540 0
390541 0
390542 0
390613 0
390615 0
390653 6
390667 0
390669 0
390670 0
390674 0
390677 0
390942 0
390943 0
390944 0
390946 0
390952 1
390954 1
390955 1
390958 2
390959 2
390961 0
390962 0
390963 0
390964 0
390965 0
390966 0
391036 0
391041 0
391047 0
391048 0
391049 0
391050 0
391051 0
391100 0
391167 2
391169 2
391170 2
391173 2
391174 0
391175 0
391177 0
391288 0
391291 0
391293 0
391296 0
391371 0
391372 0
391374 0
391375 0
391376 0
391377 0
391442 0
391445 0
391446 0
391447 0
391449 0
391450 0
391465 0
391466 0
391467 0
391468 0
391469 0
391470 0
391471 0
391566 0
391567 0
391569 0
391573 0
391579 0
391580 0
391583 0
391584 0
391585 0
391588 0
391722 0
391728 0
391813 0
391815 0
391816 0
391817 0
391818 1
391819 0
391857 0
391860 0
391861 0
391862 0
391863 0
391868 0
391869 0
391870 0
391871 0
391872 0
391873 0
391875 0
391876 0
391966 0
391967 0
391968 0
391969 0
391970 0
391982 0
391998 0
392014 0
392015 0
392021 0
392022 6
392023 0
392026 1
392027 0
392028 0
392096 0
392097 0
392098 0
392100 0
392102 0
392103 0
392104 0
392106 0
392147 5
392152 0
392154 0
392155 0
392156 1
392157 6
392160 0
392162 0
392218 0
392220 0
392223 0
392225 0
392226 0
392227 0
392228 0
392231 0
392267 0
392276 0
392277 0
392279 0
392280 6
392281 0
392282 0
392285 0
392292 0
392293 0
392294 0
392296 0
392297 0
392298 0
392299 0
392353 6
392354 6
392355 0
392359 0
392415 5
392418 5
392420 5
392421 5
392422 5
392428 5
392429 5
392430 5
392431 5
392540 0
392541 0
392542 0
392545 0
392546 0
392548 0
392712 6
392713 4
392714 6
392715 6
392716 6
392811 0
392814 0
392818 0
392819 0
392820 0
392821 0
392836 0
392837 0
392838 0
392840 0
392842 5
392844 0
392845 0
392846 0
392848 0
392922 5
392923 5
392925 5
392926 5
392928 5
392934 5
392942 0
392943 0
392944 0
392946 0
392947 0
393051 0
393054 0
393056 6
393061 0
393062 0
393064 0
393066 0
393067 0
393068 0
393164 0
393167 0
393175 0
393176 0
393177 0
393178 0
393179 0
393180 0
393341 0
393342 0
393343 0
393345 0
393349 0
393351 0
393456 0
393457 0
393458 0
393460 0
393461 0
393462 0
393464 0
393469 0
393471 0
393478 0
393481 0
393482 0
393483 0
393484 0
393485 0
393486 0
393487 0
393529 0
393530 0
393531 0
393534 0
393574 0
393575 0
393576 0
393577 5
393578 5
393579 0
393581 0
393598 0
393599 0
393600 0
393601 0
393616 0
393619 0
393627 0
393628 0
393673 0
393674 0
393677 0
393795 0
393798 0
393805 0
393809 0
393810 0
393883 0
393885 0
393886 0
393888 0
393890 0
393891 0
393897 0
393898 0
393901 0
393902 0
393905 0
394002 0
394003 0
394004 0
394005 0
394048 0
394049 0
394050 0
394053 0
394054 0
394055 0
394056 0
394057 5
394060 0
394061 5
394062 0
394065 0
394066 0
394067 0
394068 0
394069 0
394070 0
394072 0
394266 1
394269 0
394272 0
394368 0
394388 0
394389 0
394390 0
394391 0
394398 0
394400 0
394402 0
394403 0
394407 5
394416 0
394417 0
394420 0
394421 0
394422 0
394423 0
394525 0
394526 0
394528 0
394531 1
394532 0
394533 0
394534 0
394538 0
394539 0
394671 0
394676 0
394677 0
394679 0
394682 0
394683 0
394684 0
394692 0
394698 0
394699 0
394700 0
394701 0
394702 0
394703 0
394704 5
394739 0
394741 0
394742 0
394743 5
394744 0
394745 0
394746 0
394748 0
394750 0
394751 0
394962 0
394963 0
394964 0
394965 0
394968 0
394969 0
394970 0
394976 0
394977 0
394978 0
394979 0
394980 0
394981 0
394982 0
395096 0
395098 0
395099 0
395102 0
395103 0
395223 1
395225 1
395228 0
395229 0
395230 0
395231 0
395233 0
395238 0
395239 0
395242 0
395244 0
395389 0
395390 0
395396 0
395397 0
395398 0
395399 0
395402 0
395405 0
395406 0
395407 0
395408 0
395411 0
395412 0
395413 0
395419 0
395420 0
395430 0
395431 0
395432 0
395526 0
395527 0
395544 0
395545 0
395546 0
395549 0
395550 0
395551 0
395552 0
395553 0
395587 0
395588 0
395589 0
395590 0
395591 0
395592 5
395593 5
395594 0
395595 0
395597 0
395599 0
395639 0
395640 0
395641 0
395642 0
395643 0
395645 0
395646 0
395647 0
395648 0
395731 0
395732 0
395733 0
395734 0
395768 0
395769 0
395770 0
395771 0
395775 0
395776 0
395777 0
395808 0
395809 0
395810 1
395811 0
395813 0
395816 0
395817 0
395819 0
395882 2
395884 0
395899 0
395901 0
395907 0
395908 0
395939 1
395940 0
395941 0
396048 2
396049 0
396050 0
396051 0
396054 0
396056 0
396058 0
396061 1
396063 1
396064 0
396065 0
396066 0
396067 0
396069 0
396070 0
396072 0
396073 0
396074 5
396075 0
396268 0
396269 0
396274 0
396276 0
396277 0
396279 0
396280 0
396363 0
396366 0
396412 0
396413 0
396414 0
396415 0
396417 0
396418 0
396433 0
396434 0
396435 0
396437 0
396438 0
396439 0
396440 0
396544 0
396545 0
396546 0
396547 0
396549 0
396552 0
396554 0
396560 0
396561 0
396563 0
396612 0
396614 0
396615 0
396616 0
396617 0
396618 0
396619 0
396627 0
396628 0
396629 0
396630 0
396631 0
396633 0
396634 0
396635 0
396636 0
396677 0
396678 0
396680 0
396681 0
396682 0
396683 0
396684 0
396760 0
396761 0
396762 0
396764 0
396765 0
396766 0
396767 0
396768 0
396785 0
396790 0
396799 0
396802 0
396803 0
396887 0
396888 0
396889 0
396890 0
396891 5
396910 0
396911 0
396914 0
396915 0
396916 0
396918 0
396919 0
396921 0
396993 0
396994 0
396995 0
396997 0
396998 0
396999 0
397000 0
397049 0
397062 0
397065 0
397066 0
397067 0
397068 0
397069 0
397070 0
397176 0
397177 0
397178 0
397181 0
397182 5
397184 5
397201 2
397205 5
397206 5
397207 5
397208 5
397290 0
397291 0
397293 0
397294 0
397295 0
397296 0
397297 0
397313 0
397315 0
397316 0
397317 0
397318 0
397319 0
397320 0
397322 0
397401 0
397402 0
397403 0
397404 0
397407 0
397431 0
397432 0
397433 0
397434 0
397436 0
397437 0
397438 0
397440 0
397511 0
397512 0
397513 0
397515 0
397516 0
397517 0
397519 0
397520 0
397524 0
397525 0
397526 0
397527 0
397531 0
397532 0
397533 0
397534 0
397535 6
397577 0
397580 0
397581 0
397582 0
397585 0
397587 0
397588 0
397589 0
397590 0
397692 0
397694 0
397700 0
397702 0
397705 0
397706 0
397708 0
397710 0
397711 0
397712 0
397714 0
397715 0
397735 0
397737 0
397738 0
397864 0
397866 0
397867 0
397868 5
397917 5
397929 0
397933 0
397934 0
397935 0
397938 0
397989 0
397990 0
398005 5
398007 0
398009 0
398010 0
398011 6
398012 0
398013 0
398014 0
398017 5
398018 0
398019 0
398020 0
398026 0
398027 6
398028 0
398029 0
398030 0
398031 0
398119 0
398120 0
398122 0
398123 0
398124 0
398125 0
398129 0
398130 0
398131 0
398133 0
398134 0
398137 0
398138 0
398139 7
398140 7
398142 0
398144 0
398145 0
398146 0
398147 0
398148 0
398149 0
