1.19635 0.01265
1.71084 0.02085
2.22353 0.02706
2.73488 0.03178
3.26955 0.03423
3.82830 0.03528
4.38724 0.03654
4.94589 0.03747
5.50466 0.03854
6.06300 0.03914
6.62121 0.03958
7.17988 0.04054
7.73827 0.04119
8.29631 0.04144
8.85461 0.04199
9.41293 0.04255
9.97085 0.04268
10.52886 0.04291
11.08719 0.04348
11.64541 0.04394
12.20341 0.04415
12.76112 0.04405
13.31920 0.04435
13.87720 0.04456
14.43532 0.04491
14.99335 0.04515
15.55124 0.04525
16.10901 0.04520
16.66681 0.04520
17.22508 0.04571
17.78313 0.04597
18.34103 0.04608
18.89909 0.04636
19.45678 0.04623
20.01447 0.04610
20.57237 0.04620
21.13055 0.04662
21.68815 0.04638
22.24644 0.04692
22.80440 0.04708
23.36232 0.04721
23.91994 0.04701
24.47801 0.04730
25.03593 0.04742
25.59383 0.04752
26.15165 0.04753
26.70927 0.04733
27.26689 0.04712
27.82496 0.04742
28.38294 0.04761
28.94065 0.04750
29.49828 0.04730
29.92994 0.04799
