1.20237 0.03463
1.66929 0.05291
2.50000 0.06382
3.00000 0.07403
3.50000 0.07640
4.00000 0.07902
4.50000 0.08026
5.00000 0.08186
5.50000 0.08298
6.00000 0.08378
6.50000 0.08539
7.00000 0.08679
7.50000 0.08781
8.00000 0.08812
8.50000 0.08883
9.00000 0.08928
9.50000 0.09101
10.00000 0.09048
10.50000 0.09097
11.00000 0.09203
11.50000 0.09261
12.00000 0.09287
12.50000 0.09363
13.00000 0.09381
13.50000 0.09392
14.00000 0.09482
14.50000 0.09519
15.00000 0.09609
15.50000 0.09465
16.00000 0.09619
16.50000 0.09546
17.00000 0.09717
17.50000 0.09693
18.00000 0.09798
18.50000 0.09716
19.00000 0.09742
19.50000 0.09801
20.00000 0.09764
20.50000 0.09827
21.00000 0.09810
21.50000 0.09853
22.00000 0.09802
22.50000 0.09873
23.00000 0.09899
23.50000 0.09955
24.00000 0.09910
24.50000 0.09955
25.00000 0.09946
25.50000 0.09964
26.00000 0.09954
26.50000 0.09991
27.00000 0.09984
27.50000 0.09973
28.00000 0.09983
28.42371 0.10032
28.91965 0.10081
29.41485 0.10049
29.95525 0.10032
