1.19291 0.00883
1.70600 0.01548
2.21663 0.01940
2.72720 0.02325
3.26171 0.02554
3.80567 0.02705
4.37960 0.02806
4.93314 0.02895
5.49679 0.02980
6.05524 0.03052
6.61348 0.03100
7.17199 0.03178
7.73040 0.03245
8.28862 0.03291
8.83161 0.03335
9.40511 0.03388
9.96319 0.03418
10.52113 0.03432
11.07910 0.03451
11.63739 0.03504
12.19589 0.03581
12.75355 0.03564
13.31187 0.03621
13.86998 0.03655
14.41811 0.03707
14.98645 0.03750
15.54442 0.03768
16.10235 0.03781
16.66039 0.03808
17.21829 0.03817
17.77691 0.03908
18.33507 0.03947
18.89295 0.03954
19.45090 0.03971
20.00930 0.04036
20.56707 0.04032
21.12525 0.04073
21.68330 0.04101
22.24143 0.04135
22.79992 0.04212
23.35719 0.04152
23.90047 0.04227
24.47326 0.04202
25.03127 0.04225
25.58944 0.04265
26.14747 0.04289
26.70528 0.04289
27.26334 0.04318
27.82106 0.04308
28.37889 0.04311
28.93698 0.04342
29.49478 0.04342
29.92570 0.04329
