386773 50.3183
386775 50.1182
386776 50.019
386777 49.2889
386825 52.8687
386826 52.0436
386827 50.874
386828 50.0528
386829 49.5211
386830 49.0009
386831 48.6695
386833 49.2653
386838 50.1057
386839 49.0435
386841 48.6045
386843 47.6178
386844 47.7153
386881 50.0152
386882 48.7662
386883 48.191
386884 49.2758
386941 51.0053
386942 50.2254
386943 49.6648
386946 48.4774
386947 48.6922
386948 48.6286
386950 48.7077
386951 47.9544
386952 47.6779
386954 48.1798
387027 51.7355
387068 53.8719
387070 52.0129
387072 50.6406
387073 50.2886
387076 49.9006
387077 49.7414
387078 48.4648
387081 50.0613
387082 51.8524
387083 50.3868
387086 54.2897
387128 53.545
387129 53.6923
387131 52.5361
387138 51.5477
387139 50.2936
387227 51.2367
387247 46.3773
387250 46.5513
387290 53.1899
387292 51.7584
387412 48.8799
387414 48.5196
387423 49.6022
387424 49.6198
387428 48.2274
387430 46.179
387431 45.9887
387433 45.4688
387436 45.0387
387539 50.1269
387541 48.7859
387543 47.413
387546 47.4046
387550 46.3717
387551 45.9534
387552 46.2399
387557 50.3263
387558 49.3116
387560 49.7455
387561 50.7987
387564 50.1047
387565 47.5942
387566 48.0146
387570 46.9197
387571 47.363
387649 52.3816
387651 50.8974
387658 49.5131
387659 48.1187
387660 49.1739
387661 48.0887
387666 54.5773
387668 52.3499
387669 49.9941
387670 50.3221
387672 49.7552
387673 48.5656
387674 49.0815
387676 48.5122
387710 51.6719
387713 52.0615
387719 46.9497
387721 46.5049
387724 46.8266
387725 45.5479
387784 50.1476
387785 49.3641
387787 48.3535
387788 46.9567
387790 47.8045
387792 47.1809
387793 46.6119
387801 49.561
387802 48.5266
387803 47.8373
387806 46.6821
387808 46.3142
387809 46.506
387963 50.2935
387966 49.4407
387967 47.8543
387968 47.7371
387969 45.8371
388004 54.1936
388019 49.3927
388020 47.452
388021 49.1822
388022 48.8918
388023 48.7586
388038 50.2867
388039 49.6875
388042 48.8607
388047 47.5416
388050 47.2686
388051 47.7199
388052 46.9138
388261 56.1005
388263 54.8843
388264 53.9796
388265 53.4391
388266 53.0209
388403 54.0305
388404 52.848
388405 52.1189
388495 53.0931
388536 53.0619
388537 52.6018
388538 52.567
388539 51.973
388540 51.7731
388541 51.2293
388545 50.8781
388547 50.0418
388548 49.0545
388632 54.0434
388633 52.3234
388634 53.0852
388638 50.6671
388640 50.3011
388690 56.5388
388692 56.0119
388693 54.0069
388694 53.866
388696 52.1161
388697 52.4669
388698 52.2728
388699 51.509
388700 51.4998
388720 56.1374
388721 54.7468
388723 54.0237
388724 53.6959
388726 52.6408
388742 54.5605
388743 51.7327
388744 51.3884
388745 51.5232
388837 53.1599
388838 50.3917
388839 50.1046
388840 51.062
388858 55.8556
388859 54.7217
388860 53.3029
388862 51.3544
388863 51.3149
388864 50.7005
388865 51.5971
388866 51.6147
388978 50.6999
388980 51.2449
388981 51.0744
388984 50.1908
388985 51.1304
388986 47.3882
389119 54.2853
389120 52.7599
389121 51.932
389122 50.9859
389123 50.2822
389124 50.4807
389126 50.3295
389252 55.9049
389257 51.1467
389320 56.9814
389321 56.9044
389322 56.1079
389323 55.1014
389324 52.3895
389325 51.7877
389326 51.6291
389327 51.0969
389334 55.3979
389335 52.7671
389336 53.8353
389338 50.9875
389339 51.8979
389424 57.7926
389434 52.9651
389435 51.9558
389436 50.0967
389444 55.9598
389445 55.5657
389446 55.1387
389447 55.0251
389471 51.039
389557 55.9471
389558 54.7201
389559 53.143
389560 52.4034
389562 51.7229
389570 57.4072
389571 55.4939
389573 55.3974
389575 54.4241
389576 54.3258
389577 53.0456
389578 52.3957
389579 53.1192
389586 57.4813
389587 54.9573
389588 53.6092
389589 52.4107
389590 51.4348
389702 52.3016
389703 50.7841
389750 57.1962
389752 52.2548
389755 51.7583
389756 50.3713
389758 49.7416
389759 50.7373
389760 49.8863
389761 50.3681
389762 49.774
389765 50.3256
389766 50.1752
389767 48.9333
389768 48.1216
389904 52.5533
389906 52.0742
389907 51.0566
389908 49.6496
389909 48.4872
390026 47.0433
390029 50.4504
390030 48.8909
390031 48.3436
390032 47.8412
390033 47.4615
390038 46.7507
390039 45.8873
390174 50.8016
390175 50.7722
390176 50.1457
390230 53.3099
390231 51.624
390232 50.0907
390234 47.2913
390236 48.3976
390237 48.3171
390239 47.5267
390306 53.4692
390311 56.0735
390312 53.0354
390313 52.7309
390314 51.8235
390315 51.3498
390316 49.9493
390318 49.2089
390319 49.9783
390418 55.3071
390419 54.0373
390421 52.0453
390422 51.4762
390423 51.0571
390424 50.3602
390425 49.7457
390507 52.5956
390510 50.3202
390511 49.6117
390512 49.9032
390515 48.3042
390517 49.264
390518 48.4768
390519 48.0058
390537 53.6444
390538 52.9282
390539 51.351
390540 50.4997
390541 49.6533
390542 49.2878
390613 51.1978
390615 50.6686
390653 52.0841
390667 55.2536
390669 54.2002
390670 54.2201
390674 53.4394
390677 53.6179
390942 60.0174
390943 57.7941
390944 56.2313
390946 56.0938
390952 60.3373
390954 60.4326
390955 59.8059
390958 59.7686
390959 58.698
390961 58.9397
390962 57.2174
390963 58.5937
390964 58.8382
390965 59.0097
390966 58.8208
391036 48.5781
391041 46.9464
391047 46.7015
391048 46.6719
391049 45.4583
391050 45.6228
391051 44.4162
391100 51.2228
391167 49.8764
391169 48.3227
391170 49.0402
391173 47.0916
391174 45.9108
391175 46.9066
391177 45.8174
391288 51.0877
391291 48.7518
391293 50.6672
391296 47.1204
391371 50.4178
391372 49.4566
391374 48.7915
391375 46.8801
391376 47.615
391377 46.5332
391442 49.8806
391445 49.5309
391446 47.7914
391447 46.8672
391449 45.4478
391450 45.6336
391465 49.9777
391466 49.7913
391467 47.7158
391468 47.3637
391469 47.1704
391470 46.1351
391471 45.8241
391566 50.9228
391567 48.7916
391569 47.9691
391573 50.1499
391579 47.9545
391580 48.0798
391583 47.8621
391584 47.2817
391585 46.7108
391588 46.2234
391722 54.0318
391728 50.8219
391813 54.3799
391815 53.4406
391816 52.4878
391817 51.568
391818 52.5974
391819 49.9909
391857 49.1111
391860 48.0024
391861 47.296
391862 46.721
391863 46.259
391868 51.1729
391869 49.8442
391870 48.7793
391871 48.7642
391872 46.5645
391873 45.3881
391875 45.0722
391876 44.9495
391966 48.3696
391967 45.3801
391968 46.3718
391969 45.5525
391970 44.1596
391982 55.2279
391998 54.8357
392014 56.6164
392015 55.5027
392021 52.5328
392022 51.7017
392023 50.3207
392026 49.8512
392027 49.5181
392028 48.9585
392096 52.5617
392097 51.3163
392098 50.9034
392100 50.6732
392102 50.9087
392103 50.6858
392104 49.7669
392106 49.5606
392147 53.9543
392152 49.0835
392154 48.8113
392155 48.3795
392156 48.3645
392157 47.2788
392160 50.2617
392162 47.4679
392218 52.3148
392220 51.8704
392223 50.7905
392225 49.1131
392226 48.7987
392227 47.1746
392228 47.0245
392231 45.5407
392267 52.2468
392276 50.2582
392277 48.5089
392279 49.5613
392280 49.2329
392281 48.787
392282 48.3475
392285 48.4312
392292 55.6275
392293 53.2434
392294 51.1665
392297 48.824
392298 48.6857
392299 48.6545
392353 50.7136
392354 49.6792
392355 49.8695
392359 49.8726
392415 51.1836
392418 50.4731
392420 49.7491
392421 48.4558
392422 48.0039
392428 47.2395
392429 46.5768
392430 46.473
392431 45.2564
392540 55.212
392541 53.5702
392542 51.7684
392545 51.0583
392546 50.7407
392548 49.5869
392712 57.6443
392713 53.5905
392714 55.8156
392715 52.7775
392716 52.0432
392811 52.927
392814 52.2433
392818 50.8977
392819 50.6012
392820 50.3075
392821 49.8365
392836 56.8553
392837 56.2915
392838 54.5669
392840 53.1536
392842 51.313
392844 51.498
392845 51.8243
392846 50.6474
392848 51.0112
392922 53.4974
392923 50.6054
392925 49.8637
392926 50.477
392928 50.9079
392934 49.2785
392942 51.8922
392943 51.6238
392944 49.713
392946 49.7382
392947 49.6378
393051 52.5109
393054 53.0163
393061 53.4741
393062 52.6344
393064 50.5736
393066 50.0098
393067 48.4043
393068 47.4098
393164 53.3097
393167 52.2682
393175 49.6111
393176 48.8763
393177 49.406
393178 47.8526
393179 48.5414
393180 47.7845
393341 52.3215
393342 50.4724
393343 50.2649
393345 49.8107
393349 48.9808
393351 49.358
393456 56.8324
393457 55.708
393458 54.032
393460 53.4102
393461 52.2889
393462 51.6139
393464 51.397
393469 49.8944
393471 50.1959
393478 52.348
393481 52.0901
393482 51.3251
393483 50.0105
393484 49.7605
393485 49.6013
393486 49.1767
393487 49.115
393529 51.5231
393530 51.9491
393531 51.238
393534 50.6352
393574 53.8566
393575 53.0903
393576 50.8612
393577 48.9707
393578 47.9705
393579 50.281
393581 48.3809
393598 51.9171
393599 52.1621
393600 51.1612
393601 51.0612
393616 50.1204
393619 49.5832
393627 48.5683
393628 49.3881
393673 55.5392
393674 54.8122
393677 52.8123
393795 54.4045
393798 52.9417
393805 50.498
393809 49.1843
393810 48.4309
393883 56.2703
393885 52.4822
393886 51.5744
393888 50.7863
393890 50.6134
393891 49.7474
393897 54.8265
393898 54.4173
393901 54.3222
393902 52.4714
393905 51.6799
394002 54.9332
394003 53.7967
394004 51.2733
394005 50.1951
394048 58.3349
394049 58.178
394050 56.1138
394053 57.1198
394054 54.6487
394055 54.9097
394056 53.1029
394057 49.6897
394060 59.0352
394061 54.6066
394062 56.4849
394065 56.881
394066 55.1771
394067 55.5901
394068 53.298
394069 52.4573
394070 51.6425
394072 52.6614
394266 65.1599
394269 58.7114
394272 57.4881
394368 55.1261
394388 55.2219
394389 55.3131
394390 54.0541
394391 52.0696
394398 57.3323
394400 55.2405
394402 56.065
394403 54.8978
394407 51.4786
394416 59.495
394417 59.1194
394420 58.5508
394421 57.0313
394422 54.7299
394423 54.3043
394525 62.1664
394526 60.8444
394528 60.1024
394531 61.1297
394532 57.1198
394533 56.4397
394534 58.6036
394538 54.8608
394539 57.6865
394671 57.8866
394676 56.7653
394677 56.2018
394679 55.8936
394682 60.1774
394683 58.3495
394684 57.9251
394692 55.9152
394698 53.6954
394699 53.4895
394700 53.7152
394701 53.1071
394702 52.6226
394703 52.3432
394704 51.8135
394739 59.0601
394741 58.6146
394742 57.5804
394743 54.5193
394744 56.061
394745 53.7098
394746 55.1007
394748 53.8935
394750 53.2144
394751 54.4069
394962 57.3069
394963 56.7284
394964 54.5356
394965 54.3961
394968 52.4438
394969 52.0229
394970 51.1996
394976 62.2304
394977 57.0165
394978 54.3097
394979 54.904
394980 53.4378
394981 53.8123
394982 50.4548
395096 57.1168
395098 52.8773
395099 53.7366
395102 58.0009
395103 56.3609
395223 61.4441
395225 60.7044
395228 51.9399
395229 51.3184
395230 51.3605
395231 50.5811
395233 50.0493
395238 57.785
395239 55.0049
395242 50.7681
395244 50.3481
395389 56.0333
395390 53.5452
395396 53.3437
395397 49.0232
395398 50.2417
395399 47.5124
395402 48.7904
395405 53.9876
395406 54.7787
395407 53.5068
395408 52.341
395411 51.419
395412 50.5978
395413 50.3296
395419 56.1031
395420 52.6058
395430 50.4118
395431 50.3929
395432 50.4234
395526 51.8599
395527 49.9246
395544 55.9753
395545 53.4318
395546 54.2243
395549 51.6177
395550 51.6972
395551 51.2668
395552 50.9302
395553 50.5008
395587 54.1361
395588 52.8998
395589 52.2933
395590 51.5582
395591 51.085
395592 48.8901
395593 48.0623
395594 50.3071
395595 49.7163
395597 49.9633
395599 49.964
395639 56.1279
395640 54.8479
395641 53.8929
395642 52.5964
395643 54.421
395645 54.8058
395646 53.1178
395647 53.7663
395648 52.6977
395731 56.3874
395732 53.9762
395733 54.2276
395734 53.8157
395768 53.6581
395769 53.8513
395770 52.6033
395771 53.0889
395775 52.5394
395776 51.1213
395777 51.9809
395808 56.637
395809 53.1892
395810 55.0219
395811 54.7736
395813 54.1626
395816 54.2303
395817 54.6262
395819 52.9252
395882 65.2983
395884 59.6712
395899 59.6981
395901 59.7792
395907 57.1746
395908 56.376
395939 64.8179
395940 62.5806
395941 57.4751
396048 65.2993
396049 65.1624
396050 63.1863
396051 62.7354
396054 62.5255
396056 67.368
396058 64.415
396061 65.4692
396063 65.1154
396064 64.2623
396065 62.8047
396066 62.9379
396067 62.9627
396069 56.9808
396070 55.9382
396072 56.2234
396073 55.8946
396074 54.0453
396075 54.7822
396268 60.3409
396269 60.1962
396274 60.6314
396276 59.5771
396277 59.473
396279 59.7293
396280 58.4394
396363 56.4334
396366 56.2873
396412 61.895
396413 62.0771
396414 60.3837
396415 59.4731
396417 57.0174
396418 58.6389
396433 62.4434
396434 61.7432
396435 60.3917
396437 58.4258
396438 58.7611
396439 58.0393
396440 56.7153
396544 60.6545
396545 60.461
396546 58.7286
396547 56.9909
396549 56.9967
396552 61.0628
396554 59.2057
396560 57.3666
396561 56.05
396563 49.557
396612 61.3962
396614 59.6913
396615 55.4635
396616 55.0367
396617 54.1503
396618 54.4414
396619 54.0871
396627 59.1756
396628 58.3662
396629 58.2728
396630 57.3193
396631 55.7714
396633 54.5941
396634 54.3057
396635 55.1525
396636 54.6106
396677 60.7086
396678 61.2356
396680 57.3281
396681 55.7191
396682 55.4336
396683 55.3778
396684 54.6136
396760 59.0854
396761 58.4487
396762 57.7797
396764 55.9428
396765 56.6363
396766 56.2417
396767 53.7834
396768 55.8218
396785 59.9111
396790 57.9959
396799 55.419
396802 54.1639
396803 54.8427
396887 56.198
396888 55.2141
396889 54.4561
396890 52.7234
396891 52.0555
396910 58.5055
396911 57.5716
396914 55.8004
396915 55.7872
396916 54.9135
396918 54.64
396919 53.8814
396921 53.7046
396993 57.376
396994 58.3646
396995 57.592
396997 55.8564
396998 54.9809
396999 54.4338
397000 54.0422
397049 59.1703
397062 55.4211
397065 52.7882
397066 51.9388
397067 52.0626
397068 48.954
397069 50.5628
397070 48.7237
397176 53.6612
397177 53.3273
397178 52.294
397181 50.5102
397182 44.6151
397184 43.8136
397201 55.4105
397205 53.2679
397206 52.436
397207 44.3477
397208 45.9642
397290 54.8641
397291 52.6708
397293 51.5925
397294 51.2735
397295 51.0927
397296 50.7717
397297 51.8354
397313 54.9244
397315 53.1925
397316 51.3693
397317 51.8935
397318 50.9968
397319 51.4939
397320 51.2984
397322 50.3136
397401 55.1679
397402 54.6902
397403 52.9003
397404 52.3367
397407 51.9487
397431 57.5115
397432 54.9031
397433 53.0158
397434 52.2386
397436 52.2758
397437 51.0238
397438 51.7024
397440 51.4284
397511 55.8843
397512 56.6082
397513 55.0797
397515 53.2992
397516 54.2231
397517 54.0463
397519 52.2127
397520 52.0189
397524 54.3963
397525 53.6372
397526 52.471
397527 52.2414
397531 51.5456
397532 50.9858
397533 50.4769
397534 51.1523
397535 51.3708
397577 59.4465
397580 56.5262
397581 52.7511
397582 53.876
397585 53.0862
397587 52.1188
397588 51.1728
397589 50.1786
397590 50.5132
397692 54.6476
397694 53.8797
397700 53.8395
397702 53.3963
397705 53.5008
397706 48.4141
397708 48.8406
397710 48.6579
397711 48.6647
397712 47.9921
397714 48.1497
397715 50.372
397735 54.3683
397737 52.8571
397738 51.6444
397864 50.1614
397866 49.5496
397867 49.5051
397868 46.4002
397917 53.6428
397929 53.5364
397933 54.1108
397934 53.7542
397935 53.5859
397938 52.4653
397989 56.9809
397990 56.6521
398005 54.9525
398007 54.5162
398009 53.7798
398010 52.5773
398011 52.396
398012 51.0995
398013 51.1418
398014 50.4961
398017 47.4326
398018 47.2388
398019 46.8324
398020 46.5414
398026 45.7011
398027 43.1406
398028 43.1689
398029 42.6663
398030 41.4468
398031 40.9836
398119 51.896
398120 50.0921
398122 48.3449
398123 47.1976
398124 46.9992
398125 47.6368
398129 55.5934
398130 54.4302
398131 54.6863
398133 52.4708
398134 52.3667
398137 50.2014
398138 50.7636
398139 48.3059
398140 47.7599
398142 49.6942
398144 49.7561
398145 49.4907
398146 48.6785
398147 48.7836
398148 48.2692
398149 48.2635
