0 0 0
0 1 0
0 2 0
0 3 0
0 4 0
0 5 0
0 6 0
0 7 0
0 8 0
0 9 0
0 10 0
0 11 0
0 12 0
0 13 0
0 14 0
0 15 0
0 16 0
0 17 0
0 18 0
0 19 0
0 20 0
0 21 0
0 22 0
0 23 0
0 24 0
0 25 0
0 26 0
0 27 0
0 28 0
0 29 0
0 30 0
0 31 0
0 32 0
0 33 0
0 34 0
0 35 0
0 36 0
0 37 0
0 38 0
0 39 0
0 40 0
0 41 0
0 42 0
0 43 0
0 44 0
0 45 0
0 46 0
0 47 0
0 48 0
0 49 0
0 50 0
0 51 0
0 52 0
0 53 0
0 54 0
0 55 0
0 56 0
0 57 0
0 58 0
0 59 0
0 60 0
0 61 0
0 62 0
0 63 0
0 64 0
0 65 0
0 66 0
0 67 0
0 68 0
0 69 0
0 70 0
0 71 0
0 0 1
0 1 1
0 2 1
0 3 1
0 4 1
0 5 1
0 6 1
0 7 1
0 8 1
0 9 1
0 10 1
0 11 1
0 12 1
0 13 1
0 14 1
0 15 1
0 16 1
0 17 1
0 18 1
0 19 1
0 20 1
0 21 1
0 22 1
0 23 1
0 24 1
0 25 1
0 26 1
0 27 1
0 28 1
0 29 1
0 30 1
0 31 1
0 32 1
0 33 1
0 34 1
0 35 1
0 36 1
0 37 1
0 38 1
0 39 1
0 40 1
0 41 1
0 42 1
0 43 1
0 44 1
0 45 1
0 46 1
0 47 1
0 48 1
0 49 1
0 50 1
0 51 1
0 52 1
0 53 1
0 54 1
0 55 1
0 56 1
0 57 1
0 58 1
0 59 1
0 60 1
0 61 1
0 62 1
0 63 1
0 64 1
0 65 1
0 66 1
0 67 1
0 68 1
0 69 1
0 70 1
0 71 1
0 0 2
0 1 2
0 20 2
0 21 2
0 22 2
0 62 2
0 63 2
0 70 2
0 71 2
0 0 3
0 1 3
0 18 3
0 19 3
0 20 3
0 21 3
0 22 3
0 63 3
0 64 3
0 69 3
0 70 3
0 71 3
0 0 4
0 1 4
0 18 4
0 19 4
0 20 4
0 21 4
0 22 4
0 62 4
0 66 4
0 70 4
0 71 4
0 0 5
0 1 5
0 18 5
0 19 5
0 20 5
0 21 5
0 62 5
0 63 5
0 68 5
0 70 5
0 71 5
0 0 6
0 1 6
0 38 6
0 39 6
0 66 6
0 70 6
0 71 6
0 0 7
0 1 7
0 2 7
0 38 7
0 58 7
0 60 7
0 70 7
0 71 7
0 0 8
0 1 8
0 2 8
0 3 8
0 38 8
0 70 8
0 71 8
0 0 9
0 1 9
0 2 9
0 3 9
0 4 9
0 5 9
0 38 9
0 70 9
0 71 9
0 0 10
0 1 10
0 2 10
0 3 10
0 4 10
0 5 10
0 38 10
0 70 10
0 71 10
0 0 11
0 1 11
0 2 11
0 3 11
0 4 11
0 5 11
0 38 11
0 39 11
0 70 11
0 71 11
0 0 12
0 1 12
0 2 12
0 3 12
0 4 12
0 47 12
0 70 12
0 71 12
0 0 13
0 1 13
0 22 13
0 23 13
0 24 13
0 25 13
0 26 13
0 32 13
0 33 13
0 34 13
0 70 13
0 71 13
0 0 14
0 1 14
0 22 14
0 23 14
0 24 14
0 25 14
0 26 14
0 32 14
0 33 14
0 34 14
0 35 14
0 36 14
0 37 14
0 70 14
0 71 14
0 0 15
0 1 15
0 22 15
0 23 15
0 24 15
0 25 15
0 26 15
0 32 15
0 33 15
0 34 15
0 35 15
0 36 15
0 37 15
0 46 15
0 70 15
0 71 15
0 0 16
0 1 16
0 35 16
0 36 16
0 37 16
0 70 16
0 71 16
0 0 17
0 1 17
0 17 17
0 70 17
0 71 17
0 0 18
0 1 18
0 70 18
0 71 18
0 0 19
0 1 19
0 32 19
0 33 19
0 34 19
0 35 19
0 36 19
0 70 19
0 71 19
0 0 20
0 1 20
0 32 20
0 33 20
0 34 20
0 35 20
0 36 20
0 37 20
0 38 20
0 39 20
0 70 20
0 71 20
0 0 21
0 1 21
0 31 21
0 32 21
0 33 21
0 34 21
0 35 21
0 36 21
0 37 21
0 38 21
0 39 21
0 40 21
0 56 21
0 70 21
0 71 21
0 0 22
0 1 22
0 31 22
0 32 22
0 33 22
0 34 22
0 35 22
0 36 22
0 37 22
0 38 22
0 39 22
0 40 22
0 42 22
0 70 22
0 71 22
0 0 23
0 1 23
0 16 23
0 17 23
0 18 23
0 19 23
0 20 23
0 21 23
0 31 23
0 32 23
0 33 23
0 34 23
0 35 23
0 36 23
0 37 23
0 38 23
0 39 23
0 40 23
0 70 23
0 71 23
0 0 24
0 1 24
0 16 24
0 17 24
0 18 24
0 19 24
0 20 24
0 21 24
0 27 24
0 28 24
0 29 24
0 34 24
0 35 24
0 36 24
0 37 24
0 38 24
0 49 24
0 70 24
0 71 24
0 0 25
0 1 25
0 16 25
0 17 25
0 18 25
0 19 25
0 20 25
0 21 25
0 27 25
0 28 25
0 29 25
0 30 25
0 51 25
0 70 25
0 71 25
0 0 26
0 1 26
0 27 26
0 28 26
0 29 26
0 65 26
0 66 26
0 67 26
0 68 26
0 70 26
0 71 26
0 0 27
0 1 27
0 16 27
0 17 27
0 18 27
0 65 27
0 66 27
0 67 27
0 68 27
0 69 27
0 70 27
0 71 27
0 0 28
0 1 28
0 9 28
0 16 28
0 17 28
0 18 28
0 35 28
0 65 28
0 66 28
0 67 28
0 68 28
0 69 28
0 70 28
0 71 28
0 0 29
0 1 29
0 4 29
0 5 29
0 6 29
0 7 29
0 16 29
0 17 29
0 18 29
0 49 29
0 57 29
0 65 29
0 66 29
0 67 29
0 68 29
0 69 29
0 70 29
0 71 29
0 0 30
0 1 30
0 3 30
0 4 30
0 5 30
0 6 30
0 7 30
0 8 30
0 60 30
0 61 30
0 63 30
0 66 30
0 67 30
0 68 30
0 70 30
0 71 30
0 0 31
0 1 31
0 3 31
0 4 31
0 5 31
0 6 31
0 7 31
0 8 31
0 25 31
0 26 31
0 27 31
0 28 31
0 34 31
0 35 31
0 36 31
0 55 31
0 56 31
0 58 31
0 60 31
0 61 31
0 62 31
0 63 31
0 70 31
0 71 31
0 0 32
0 1 32
0 3 32
0 4 32
0 5 32
0 6 32
0 7 32
0 8 32
0 25 32
0 26 32
0 27 32
0 28 32
0 34 32
0 35 32
0 36 32
0 40 32
0 41 32
0 42 32
0 43 32
0 52 32
0 53 32
0 54 32
0 56 32
0 59 32
0 70 32
0 71 32
0 0 33
0 1 33
0 4 33
0 5 33
0 6 33
0 7 33
0 8 33
0 25 33
0 26 33
0 27 33
0 28 33
0 29 33
0 30 33
0 34 33
0 35 33
0 36 33
0 40 33
0 41 33
0 42 33
0 43 33
0 58 33
0 70 33
0 71 33
0 0 34
0 1 34
0 2 34
0 3 34
0 4 34
0 5 34
0 6 34
0 7 34
0 8 34
0 9 34
0 10 34
0 11 34
0 12 34
0 13 34
0 14 34
0 15 34
0 16 34
0 17 34
0 18 34
0 19 34
0 20 34
0 21 34
0 22 34
0 23 34
0 24 34
0 25 34
0 26 34
0 27 34
0 28 34
0 29 34
0 30 34
0 31 34
0 32 34
0 33 34
0 34 34
0 35 34
0 36 34
0 37 34
0 38 34
0 39 34
0 40 34
0 41 34
0 42 34
0 43 34
0 44 34
0 45 34
0 46 34
0 47 34
0 48 34
0 49 34
0 50 34
0 51 34
0 52 34
0 53 34
0 54 34
0 55 34
0 56 34
0 57 34
0 58 34
0 59 34
0 60 34
0 61 34
0 62 34
0 63 34
0 64 34
0 65 34
0 66 34
0 67 34
0 68 34
0 69 34
0 70 34
0 71 34
0 0 35
0 1 35
0 2 35
0 3 35
0 4 35
0 5 35
0 6 35
0 7 35
0 8 35
0 9 35
0 10 35
0 11 35
0 12 35
0 13 35
0 14 35
0 15 35
0 16 35
0 17 35
0 18 35
0 19 35
0 20 35
0 21 35
0 22 35
0 23 35
0 24 35
0 25 35
0 26 35
0 27 35
0 28 35
0 29 35
0 30 35
0 31 35
0 32 35
0 33 35
0 34 35
0 35 35
0 36 35
0 37 35
0 38 35
0 39 35
0 40 35
0 41 35
0 42 35
0 43 35
0 44 35
0 45 35
0 46 35
0 47 35
0 48 35
0 49 35
0 50 35
0 51 35
0 52 35
0 53 35
0 54 35
0 55 35
0 56 35
0 57 35
0 58 35
0 59 35
0 60 35
0 61 35
0 62 35
0 63 35
0 64 35
0 65 35
0 66 35
0 67 35
0 68 35
0 69 35
0 70 35
0 71 35
1 0 0
1 1 0
1 2 0
1 3 0
1 4 0
1 5 0
1 6 0
1 7 0
1 8 0
1 9 0
1 10 0
1 11 0
1 12 0
1 13 0
1 14 0
1 15 0
1 16 0
1 17 0
1 18 0
1 19 0
1 20 0
1 21 0
1 22 0
1 23 0
1 24 0
1 25 0
1 26 0
1 27 0
1 28 0
1 29 0
1 30 0
1 31 0
1 32 0
1 33 0
1 34 0
1 35 0
1 36 0
1 37 0
1 38 0
1 39 0
1 40 0
1 41 0
1 42 0
1 43 0
1 44 0
1 45 0
1 46 0
1 47 0
1 48 0
1 49 0
1 50 0
1 51 0
1 52 0
1 53 0
1 54 0
1 55 0
1 56 0
1 57 0
1 58 0
1 59 0
1 60 0
1 61 0
1 62 0
1 63 0
1 64 0
1 65 0
1 66 0
1 67 0
1 68 0
1 69 0
1 70 0
1 71 0
1 0 1
1 1 1
1 2 1
1 3 1
1 4 1
1 5 1
1 6 1
1 7 1
1 8 1
1 9 1
1 10 1
1 11 1
1 12 1
1 13 1
1 14 1
1 15 1
1 16 1
1 17 1
1 18 1
1 19 1
1 20 1
1 21 1
1 22 1
1 23 1
1 24 1
1 25 1
1 26 1
1 27 1
1 28 1
1 29 1
1 30 1
1 31 1
1 32 1
1 33 1
1 34 1
1 35 1
1 36 1
1 37 1
1 38 1
1 39 1
1 40 1
1 41 1
1 42 1
1 43 1
1 44 1
1 45 1
1 46 1
1 47 1
1 48 1
1 49 1
1 50 1
1 51 1
1 52 1
1 53 1
1 54 1
1 55 1
1 56 1
1 57 1
1 58 1
1 59 1
1 60 1
1 61 1
1 62 1
1 63 1
1 64 1
1 65 1
1 66 1
1 67 1
1 68 1
1 69 1
1 70 1
1 71 1
1 0 2
1 1 2
1 27 2
1 28 2
1 29 2
1 30 2
1 31 2
1 32 2
1 50 2
1 70 2
1 71 2
1 0 3
1 1 3
1 27 3
1 28 3
1 29 3
1 30 3
1 31 3
1 32 3
1 70 3
1 71 3
1 0 4
1 1 4
1 30 4
1 31 4
1 32 4
1 51 4
1 70 4
1 71 4
1 0 5
1 1 5
1 42 5
1 43 5
1 44 5
1 50 5
1 70 5
1 71 5
1 0 6
1 1 6
1 41 6
1 42 6
1 43 6
1 44 6
1 70 6
1 71 6
1 0 7
1 1 7
1 39 7
1 40 7
1 41 7
1 42 7
1 43 7
1 44 7
1 70 7
1 71 7
1 0 8
1 1 8
1 39 8
1 40 8
1 41 8
1 42 8
1 43 8
1 44 8
1 70 8
1 71 8
1 0 9
1 1 9
1 39 9
1 40 9
1 41 9
1 42 9
1 43 9
1 44 9
1 63 9
1 70 9
1 71 9
1 0 10
1 1 10
1 70 10
1 71 10
1 0 11
1 1 11
1 45 11
1 46 11
1 47 11
1 70 11
1 71 11
1 0 12
1 1 12
1 9 12
1 45 12
1 46 12
1 47 12
1 70 12
1 71 12
1 0 13
1 1 13
1 45 13
1 46 13
1 47 13
1 70 13
1 71 13
1 0 14
1 1 14
1 16 14
1 27 14
1 37 14
1 70 14
1 71 14
1 0 15
1 1 15
1 70 15
1 71 15
1 0 16
1 1 16
1 70 16
1 71 16
1 0 17
1 1 17
1 70 17
1 71 17
1 0 18
1 1 18
1 18 18
1 70 18
1 71 18
1 0 19
1 1 19
1 57 19
1 58 19
1 59 19
1 70 19
1 71 19
1 0 20
1 1 20
1 7 20
1 8 20
1 9 20
1 10 20
1 37 20
1 38 20
1 39 20
1 57 20
1 58 20
1 59 20
1 70 20
1 71 20
1 0 21
1 1 21
1 7 21
1 8 21
1 9 21
1 10 21
1 11 21
1 37 21
1 38 21
1 39 21
1 57 21
1 58 21
1 59 21
1 70 21
1 71 21
1 0 22
1 1 22
1 7 22
1 8 22
1 9 22
1 10 22
1 11 22
1 37 22
1 38 22
1 39 22
1 60 22
1 70 22
1 71 22
1 0 23
1 1 23
1 3 23
1 4 23
1 5 23
1 6 23
1 8 23
1 9 23
1 10 23
1 11 23
1 70 23
1 71 23
1 0 24
1 1 24
1 3 24
1 4 24
1 5 24
1 6 24
1 8 24
1 9 24
1 10 24
1 38 24
1 39 24
1 40 24
1 44 24
1 45 24
1 46 24
1 49 24
1 58 24
1 70 24
1 71 24
1 0 25
1 1 25
1 3 25
1 4 25
1 5 25
1 6 25
1 14 25
1 31 25
1 32 25
1 33 25
1 38 25
1 39 25
1 40 25
1 44 25
1 45 25
1 46 25
1 70 25
1 71 25
1 0 26
1 1 26
1 3 26
1 4 26
1 5 26
1 6 26
1 31 26
1 32 26
1 33 26
1 38 26
1 39 26
1 40 26
1 44 26
1 45 26
1 46 26
1 70 26
1 71 26
1 0 27
1 1 27
1 3 27
1 4 27
1 5 27
1 6 27
1 31 27
1 32 27
1 33 27
1 49 27
1 70 27
1 71 27
1 0 28
1 1 28
1 3 28
1 4 28
1 5 28
1 6 28
1 70 28
1 71 28
1 0 29
1 1 29
1 3 29
1 4 29
1 5 29
1 6 29
1 43 29
1 44 29
1 45 29
1 70 29
1 71 29
1 0 30
1 1 30
1 3 30
1 4 30
1 5 30
1 6 30
1 43 30
1 44 30
1 45 30
1 48 30
1 49 30
1 70 30
1 71 30
1 0 31
1 1 31
1 3 31
1 4 31
1 5 31
1 6 31
1 43 31
1 44 31
1 45 31
1 48 31
1 49 31
1 70 31
1 71 31
1 0 32
1 1 32
1 3 32
1 4 32
1 5 32
1 6 32
1 70 32
1 71 32
1 0 33
1 1 33
1 3 33
1 4 33
1 5 33
1 6 33
1 29 33
1 48 33
1 49 33
1 70 33
1 71 33
1 0 34
1 1 34
1 2 34
1 3 34
1 4 34
1 5 34
1 6 34
1 7 34
1 8 34
1 9 34
1 10 34
1 11 34
1 12 34
1 13 34
1 14 34
1 15 34
1 16 34
1 17 34
1 18 34
1 19 34
1 20 34
1 21 34
1 22 34
1 23 34
1 24 34
1 25 34
1 26 34
1 27 34
1 28 34
1 29 34
1 30 34
1 31 34
1 32 34
1 33 34
1 34 34
1 35 34
1 36 34
1 37 34
1 38 34
1 39 34
1 40 34
1 41 34
1 42 34
1 43 34
1 44 34
1 45 34
1 46 34
1 47 34
1 48 34
1 49 34
1 50 34
1 51 34
1 52 34
1 53 34
1 54 34
1 55 34
1 56 34
1 57 34
1 58 34
1 59 34
1 60 34
1 61 34
1 62 34
1 63 34
1 64 34
1 65 34
1 66 34
1 67 34
1 68 34
1 69 34
1 70 34
1 71 34
1 0 35
1 1 35
1 2 35
1 3 35
1 4 35
1 5 35
1 6 35
1 7 35
1 8 35
1 9 35
1 10 35
1 11 35
1 12 35
1 13 35
1 14 35
1 15 35
1 16 35
1 17 35
1 18 35
1 19 35
1 20 35
1 21 35
1 22 35
1 23 35
1 24 35
1 25 35
1 26 35
1 27 35
1 28 35
1 29 35
1 30 35
1 31 35
1 32 35
1 33 35
1 34 35
1 35 35
1 36 35
1 37 35
1 38 35
1 39 35
1 40 35
1 41 35
1 42 35
1 43 35
1 44 35
1 45 35
1 46 35
1 47 35
1 48 35
1 49 35
1 50 35
1 51 35
1 52 35
1 53 35
1 54 35
1 55 35
1 56 35
1 57 35
1 58 35
1 59 35
1 60 35
1 61 35
1 62 35
1 63 35
1 64 35
1 65 35
1 66 35
1 67 35
1 68 35
1 69 35
1 70 35
1 71 35
2 0 0
2 1 0
2 2 0
2 3 0
2 4 0
2 5 0
2 6 0
2 7 0
2 8 0
2 9 0
2 10 0
2 11 0
2 12 0
2 13 0
2 14 0
2 15 0
2 16 0
2 17 0
2 18 0
2 19 0
2 20 0
2 21 0
2 22 0
2 23 0
2 24 0
2 25 0
2 26 0
2 27 0
2 28 0
2 29 0
2 30 0
2 31 0
2 32 0
2 33 0
2 34 0
2 35 0
2 36 0
2 37 0
2 38 0
2 39 0
2 40 0
2 41 0
2 42 0
2 43 0
2 44 0
2 45 0
2 46 0
2 47 0
2 48 0
2 49 0
2 50 0
2 51 0
2 52 0
2 53 0
2 54 0
2 55 0
2 56 0
2 57 0
2 58 0
2 59 0
2 60 0
2 61 0
2 62 0
2 63 0
2 64 0
2 65 0
2 66 0
2 67 0
2 68 0
2 69 0
2 70 0
2 71 0
2 0 1
2 1 1
2 2 1
2 3 1
2 4 1
2 5 1
2 6 1
2 7 1
2 8 1
2 9 1
2 10 1
2 11 1
2 12 1
2 13 1
2 14 1
2 15 1
2 16 1
2 17 1
2 18 1
2 19 1
2 20 1
2 21 1
2 22 1
2 23 1
2 24 1
2 25 1
2 26 1
2 27 1
2 28 1
2 29 1
2 30 1
2 31 1
2 32 1
2 33 1
2 34 1
2 35 1
2 36 1
2 37 1
2 38 1
2 39 1
2 40 1
2 41 1
2 42 1
2 43 1
2 44 1
2 45 1
2 46 1
2 47 1
2 48 1
2 49 1
2 50 1
2 51 1
2 52 1
2 53 1
2 54 1
2 55 1
2 56 1
2 57 1
2 58 1
2 59 1
2 60 1
2 61 1
2 62 1
2 63 1
2 64 1
2 65 1
2 66 1
2 67 1
2 68 1
2 69 1
2 70 1
2 71 1
2 0 2
2 1 2
2 32 2
2 33 2
2 34 2
2 62 2
2 63 2
2 64 2
2 65 2
2 66 2
2 70 2
2 71 2
2 0 3
2 1 3
2 32 3
2 33 3
2 34 3
2 39 3
2 40 3
2 41 3
2 61 3
2 62 3
2 63 3
2 64 3
2 65 3
2 66 3
2 70 3
2 71 3
2 0 4
2 1 4
2 39 4
2 40 4
2 41 4
2 61 4
2 62 4
2 63 4
2 64 4
2 65 4
2 70 4
2 71 4
2 0 5
2 1 5
2 39 5
2 40 5
2 41 5
2 61 5
2 62 5
2 63 5
2 64 5
2 65 5
2 70 5
2 71 5
2 0 6
2 1 6
2 20 6
2 41 6
2 42 6
2 43 6
2 44 6
2 54 6
2 55 6
2 58 6
2 59 6
2 63 6
2 64 6
2 65 6
2 70 6
2 71 6
2 0 7
2 1 7
2 33 7
2 34 7
2 35 7
2 41 7
2 42 7
2 43 7
2 44 7
2 45 7
2 54 7
2 55 7
2 57 7
2 58 7
2 59 7
2 63 7
2 64 7
2 65 7
2 70 7
2 71 7
2 0 8
2 1 8
2 22 8
2 23 8
2 24 8
2 33 8
2 34 8
2 35 8
2 41 8
2 42 8
2 43 8
2 44 8
2 45 8
2 63 8
2 64 8
2 65 8
2 66 8
2 70 8
2 71 8
2 0 9
2 1 9
2 22 9
2 23 9
2 24 9
2 30 9
2 31 9
2 32 9
2 33 9
2 34 9
2 35 9
2 41 9
2 42 9
2 43 9
2 44 9
2 45 9
2 46 9
2 47 9
2 48 9
2 63 9
2 64 9
2 65 9
2 66 9
2 68 9
2 69 9
2 70 9
2 71 9
2 0 10
2 1 10
2 22 10
2 23 10
2 24 10
2 30 10
2 31 10
2 32 10
2 41 10
2 42 10
2 43 10
2 44 10
2 45 10
2 46 10
2 47 10
2 48 10
2 62 10
2 63 10
2 64 10
2 65 10
2 66 10
2 68 10
2 69 10
2 70 10
2 71 10
2 0 11
2 1 11
2 30 11
2 31 11
2 32 11
2 36 11
2 37 11
2 38 11
2 42 11
2 43 11
2 44 11
2 45 11
2 46 11
2 47 11
2 48 11
2 61 11
2 62 11
2 63 11
2 64 11
2 65 11
2 66 11
2 67 11
2 68 11
2 69 11
2 70 11
2 71 11
2 0 12
2 1 12
2 36 12
2 37 12
2 38 12
2 42 12
2 43 12
2 44 12
2 46 12
2 47 12
2 48 12
2 57 12
2 61 12
2 62 12
2 63 12
2 64 12
2 65 12
2 66 12
2 67 12
2 68 12
2 69 12
2 70 12
2 71 12
2 0 13
2 1 13
2 36 13
2 37 13
2 38 13
2 39 13
2 40 13
2 61 13
2 62 13
2 63 13
2 64 13
2 65 13
2 66 13
2 67 13
2 68 13
2 69 13
2 70 13
2 71 13
2 0 14
2 1 14
2 36 14
2 37 14
2 38 14
2 39 14
2 40 14
2 52 14
2 53 14
2 54 14
2 61 14
2 62 14
2 63 14
2 64 14
2 65 14
2 66 14
2 67 14
2 68 14
2 69 14
2 70 14
2 71 14
2 0 15
2 1 15
2 36 15
2 37 15
2 38 15
2 39 15
2 40 15
2 51 15
2 52 15
2 53 15
2 54 15
2 61 15
2 62 15
2 63 15
2 64 15
2 65 15
2 66 15
2 67 15
2 68 15
2 69 15
2 70 15
2 71 15
2 0 16
2 1 16
2 37 16
2 38 16
2 39 16
2 51 16
2 52 16
2 53 16
2 54 16
2 61 16
2 62 16
2 63 16
2 64 16
2 65 16
2 66 16
2 67 16
2 68 16
2 69 16
2 70 16
2 71 16
2 0 17
2 1 17
2 51 17
2 52 17
2 53 17
2 62 17
2 63 17
2 64 17
2 65 17
2 66 17
2 67 17
2 68 17
2 69 17
2 70 17
2 71 17
2 0 18
2 1 18
2 26 18
2 61 18
2 62 18
2 63 18
2 64 18
2 65 18
2 66 18
2 67 18
2 68 18
2 69 18
2 70 18
2 71 18
2 0 19
2 1 19
2 61 19
2 62 19
2 63 19
2 64 19
2 65 19
2 66 19
2 67 19
2 70 19
2 71 19
2 0 20
2 1 20
2 61 20
2 62 20
2 63 20
2 64 20
2 65 20
2 66 20
2 67 20
2 70 20
2 71 20
2 0 21
2 1 21
2 14 21
2 60 21
2 61 21
2 62 21
2 63 21
2 64 21
2 65 21
2 70 21
2 71 21
2 0 22
2 1 22
2 60 22
2 61 22
2 62 22
2 63 22
2 64 22
2 65 22
2 70 22
2 71 22
2 0 23
2 1 23
2 60 23
2 61 23
2 62 23
2 63 23
2 64 23
2 65 23
2 70 23
2 71 23
2 0 24
2 1 24
2 39 24
2 62 24
2 63 24
2 64 24
2 70 24
2 71 24
2 0 25
2 1 25
2 70 25
2 71 25
2 0 26
2 1 26
2 6 26
2 28 26
2 38 26
2 39 26
2 70 26
2 71 26
2 0 27
2 1 27
2 70 27
2 71 27
2 0 28
2 1 28
2 28 28
2 38 28
2 39 28
2 70 28
2 71 28
2 0 29
2 1 29
2 39 29
2 70 29
2 71 29
2 0 30
2 1 30
2 38 30
2 70 30
2 71 30
2 0 31
2 1 31
2 28 31
2 70 31
2 71 31
2 0 32
2 1 32
2 29 32
2 70 32
2 71 32
2 0 33
2 1 33
2 70 33
2 71 33
2 0 34
2 1 34
2 2 34
2 3 34
2 4 34
2 5 34
2 6 34
2 7 34
2 8 34
2 9 34
2 10 34
2 11 34
2 12 34
2 13 34
2 14 34
2 15 34
2 16 34
2 17 34
2 18 34
2 19 34
2 20 34
2 21 34
2 22 34
2 23 34
2 24 34
2 25 34
2 26 34
2 27 34
2 28 34
2 29 34
2 30 34
2 31 34
2 32 34
2 33 34
2 34 34
2 35 34
2 36 34
2 37 34
2 38 34
2 39 34
2 40 34
2 41 34
2 42 34
2 43 34
2 44 34
2 45 34
2 46 34
2 47 34
2 48 34
2 49 34
2 50 34
2 51 34
2 52 34
2 53 34
2 54 34
2 55 34
2 56 34
2 57 34
2 58 34
2 59 34
2 60 34
2 61 34
2 62 34
2 63 34
2 64 34
2 65 34
2 66 34
2 67 34
2 68 34
2 69 34
2 70 34
2 71 34
2 0 35
2 1 35
2 2 35
2 3 35
2 4 35
2 5 35
2 6 35
2 7 35
2 8 35
2 9 35
2 10 35
2 11 35
2 12 35
2 13 35
2 14 35
2 15 35
2 16 35
2 17 35
2 18 35
2 19 35
2 20 35
2 21 35
2 22 35
2 23 35
2 24 35
2 25 35
2 26 35
2 27 35
2 28 35
2 29 35
2 30 35
2 31 35
2 32 35
2 33 35
2 34 35
2 35 35
2 36 35
2 37 35
2 38 35
2 39 35
2 40 35
2 41 35
2 42 35
2 43 35
2 44 35
2 45 35
2 46 35
2 47 35
2 48 35
2 49 35
2 50 35
2 51 35
2 52 35
2 53 35
2 54 35
2 55 35
2 56 35
2 57 35
2 58 35
2 59 35
2 60 35
2 61 35
2 62 35
2 63 35
2 64 35
2 65 35
2 66 35
2 67 35
2 68 35
2 69 35
2 70 35
2 71 35
3 0 0
3 1 0
3 2 0
3 3 0
3 4 0
3 5 0
3 6 0
3 7 0
3 8 0
3 9 0
3 10 0
3 11 0
3 12 0
3 13 0
3 14 0
3 15 0
3 16 0
3 17 0
3 18 0
3 19 0
3 20 0
3 21 0
3 22 0
3 23 0
3 24 0
3 25 0
3 26 0
3 27 0
3 28 0
3 29 0
3 30 0
3 31 0
3 32 0
3 33 0
3 34 0
3 35 0
3 36 0
3 37 0
3 38 0
3 39 0
3 40 0
3 41 0
3 42 0
3 43 0
3 44 0
3 45 0
3 46 0
3 47 0
3 48 0
3 49 0
3 50 0
3 51 0
3 52 0
3 53 0
3 54 0
3 55 0
3 56 0
3 57 0
3 58 0
3 59 0
3 60 0
3 61 0
3 62 0
3 63 0
3 64 0
3 65 0
3 66 0
3 67 0
3 68 0
3 69 0
3 70 0
3 71 0
3 0 1
3 1 1
3 2 1
3 3 1
3 4 1
3 5 1
3 6 1
3 7 1
3 8 1
3 9 1
3 10 1
3 11 1
3 12 1
3 13 1
3 14 1
3 15 1
3 16 1
3 17 1
3 18 1
3 19 1
3 20 1
3 21 1
3 22 1
3 23 1
3 24 1
3 25 1
3 26 1
3 27 1
3 28 1
3 29 1
3 30 1
3 31 1
3 32 1
3 33 1
3 34 1
3 35 1
3 36 1
3 37 1
3 38 1
3 39 1
3 40 1
3 41 1
3 42 1
3 43 1
3 44 1
3 45 1
3 46 1
3 47 1
3 48 1
3 49 1
3 50 1
3 51 1
3 52 1
3 53 1
3 54 1
3 55 1
3 56 1
3 57 1
3 58 1
3 59 1
3 60 1
3 61 1
3 62 1
3 63 1
3 64 1
3 65 1
3 66 1
3 67 1
3 68 1
3 69 1
3 70 1
3 71 1
3 0 2
3 1 2
3 6 2
3 7 2
3 8 2
3 44 2
3 45 2
3 70 2
3 71 2
3 0 3
3 1 3
3 6 3
3 7 3
3 8 3
3 44 3
3 45 3
3 70 3
3 71 3
3 0 4
3 1 4
3 70 4
3 71 4
3 0 5
3 1 5
3 12 5
3 13 5
3 14 5
3 44 5
3 70 5
3 71 5
3 0 6
3 1 6
3 12 6
3 13 6
3 14 6
3 68 6
3 69 6
3 70 6
3 71 6
3 0 7
3 1 7
3 12 7
3 13 7
3 14 7
3 44 7
3 45 7
3 68 7
3 69 7
3 70 7
3 71 7
3 0 8
3 1 8
3 68 8
3 69 8
3 70 8
3 71 8
3 0 9
3 1 9
3 19 9
3 20 9
3 21 9
3 68 9
3 69 9
3 70 9
3 71 9
3 0 10
3 1 10
3 19 10
3 20 10
3 21 10
3 41 10
3 42 10
3 43 10
3 44 10
3 45 10
3 50 10
3 51 10
3 52 10
3 53 10
3 60 10
3 61 10
3 62 10
3 68 10
3 69 10
3 70 10
3 71 10
3 0 11
3 1 11
3 19 11
3 20 11
3 21 11
3 41 11
3 42 11
3 43 11
3 44 11
3 45 11
3 50 11
3 51 11
3 52 11
3 53 11
3 60 11
3 61 11
3 62 11
3 70 11
3 71 11
3 0 12
3 1 12
3 36 12
3 37 12
3 38 12
3 41 12
3 42 12
3 43 12
3 60 12
3 61 12
3 62 12
3 70 12
3 71 12
3 0 13
3 1 13
3 5 13
3 6 13
3 7 13
3 27 13
3 28 13
3 29 13
3 35 13
3 36 13
3 37 13
3 38 13
3 39 13
3 40 13
3 41 13
3 42 13
3 43 13
3 60 13
3 61 13
3 62 13
3 70 13
3 71 13
3 0 14
3 1 14
3 5 14
3 6 14
3 7 14
3 27 14
3 28 14
3 29 14
3 35 14
3 36 14
3 37 14
3 38 14
3 39 14
3 40 14
3 41 14
3 42 14
3 43 14
3 59 14
3 60 14
3 61 14
3 62 14
3 70 14
3 71 14
3 0 15
3 1 15
3 5 15
3 6 15
3 7 15
3 27 15
3 28 15
3 29 15
3 30 15
3 31 15
3 32 15
3 35 15
3 36 15
3 37 15
3 38 15
3 39 15
3 40 15
3 41 15
3 42 15
3 43 15
3 59 15
3 60 15
3 61 15
3 62 15
3 66 15
3 67 15
3 68 15
3 70 15
3 71 15
3 0 16
3 1 16
3 26 16
3 27 16
3 28 16
3 29 16
3 30 16
3 31 16
3 32 16
3 35 16
3 36 16
3 37 16
3 38 16
3 39 16
3 40 16
3 41 16
3 59 16
3 60 16
3 61 16
3 64 16
3 65 16
3 66 16
3 67 16
3 68 16
3 70 16
3 71 16
3 0 17
3 1 17
3 26 17
3 27 17
3 28 17
3 29 17
3 30 17
3 31 17
3 32 17
3 35 17
3 36 17
3 37 17
3 38 17
3 39 17
3 40 17
3 41 17
3 42 17
3 64 17
3 65 17
3 66 17
3 67 17
3 68 17
3 70 17
3 71 17
3 0 18
3 1 18
3 3 18
3 27 18
3 28 18
3 29 18
3 30 18
3 31 18
3 32 18
3 33 18
3 40 18
3 41 18
3 42 18
3 59 18
3 60 18
3 61 18
3 64 18
3 65 18
3 66 18
3 67 18
3 68 18
3 70 18
3 71 18
3 0 19
3 1 19
3 31 19
3 32 19
3 33 19
3 40 19
3 41 19
3 42 19
3 59 19
3 60 19
3 61 19
3 68 19
3 69 19
3 70 19
3 71 19
3 0 20
3 1 20
3 31 20
3 32 20
3 33 20
3 59 20
3 60 20
3 61 20
3 68 20
3 69 20
3 70 20
3 71 20
3 0 21
3 1 21
3 35 21
3 42 21
3 43 21
3 44 21
3 68 21
3 69 21
3 70 21
3 71 21
3 0 22
3 1 22
3 42 22
3 43 22
3 44 22
3 45 22
3 46 22
3 70 22
3 71 22
3 0 23
3 1 23
3 30 23
3 31 23
3 32 23
3 42 23
3 43 23
3 44 23
3 45 23
3 46 23
3 56 23
3 62 23
3 70 23
3 71 23
3 0 24
3 1 24
3 23 24
3 24 24
3 25 24
3 26 24
3 30 24
3 31 24
3 32 24
3 38 24
3 39 24
3 43 24
3 44 24
3 45 24
3 46 24
3 50 24
3 51 24
3 56 24
3 58 24
3 59 24
3 60 24
3 61 24
3 63 24
3 64 24
3 70 24
3 71 24
3 0 25
3 1 25
3 23 25
3 24 25
3 25 25
3 26 25
3 30 25
3 31 25
3 32 25
3 43 25
3 44 25
3 45 25
3 46 25
3 48 25
3 49 25
3 50 25
3 51 25
3 57 25
3 58 25
3 59 25
3 60 25
3 61 25
3 62 25
3 63 25
3 64 25
3 70 25
3 71 25
3 0 26
3 1 26
3 23 26
3 24 26
3 25 26
3 26 26
3 41 26
3 42 26
3 43 26
3 48 26
3 49 26
3 50 26
3 51 26
3 58 26
3 59 26
3 60 26
3 61 26
3 62 26
3 70 26
3 71 26
3 0 27
3 1 27
3 41 27
3 42 27
3 43 27
3 49 27
3 50 27
3 51 27
3 55 27
3 56 27
3 58 27
3 59 27
3 60 27
3 62 27
3 63 27
3 64 27
3 65 27
3 70 27
3 71 27
3 0 28
3 1 28
3 26 28
3 27 28
3 28 28
3 41 28
3 42 28
3 43 28
3 49 28
3 51 28
3 56 28
3 58 28
3 59 28
3 60 28
3 61 28
3 62 28
3 70 28
3 71 28
3 0 29
3 1 29
3 26 29
3 27 29
3 28 29
3 48 29
3 50 29
3 52 29
3 57 29
3 58 29
3 59 29
3 60 29
3 61 29
3 62 29
3 63 29
3 65 29
3 70 29
3 71 29
3 0 30
3 1 30
3 8 30
3 9 30
3 10 30
3 26 30
3 27 30
3 28 30
3 48 30
3 49 30
3 50 30
3 51 30
3 53 30
3 54 30
3 56 30
3 57 30
3 58 30
3 59 30
3 60 30
3 61 30
3 62 30
3 63 30
3 64 30
3 65 30
3 67 30
3 68 30
3 69 30
3 70 30
3 71 30
3 0 31
3 1 31
3 7 31
3 8 31
3 9 31
3 10 31
3 12 31
3 13 31
3 14 31
3 36 31
3 37 31
3 38 31
3 48 31
3 49 31
3 50 31
3 51 31
3 52 31
3 53 31
3 55 31
3 56 31
3 57 31
3 58 31
3 59 31
3 60 31
3 61 31
3 62 31
3 63 31
3 64 31
3 68 31
3 70 31
3 71 31
3 0 32
3 1 32
3 6 32
3 7 32
3 8 32
3 9 32
3 10 32
3 11 32
3 12 32
3 13 32
3 14 32
3 35 32
3 36 32
3 37 32
3 38 32
3 46 32
3 47 32
3 48 32
3 49 32
3 50 32
3 51 32
3 54 32
3 55 32
3 56 32
3 57 32
3 58 32
3 59 32
3 60 32
3 62 32
3 63 32
3 64 32
3 65 32
3 66 32
3 68 32
3 69 32
3 70 32
3 71 32
3 0 33
3 1 33
3 6 33
3 7 33
3 8 33
3 9 33
3 10 33
3 11 33
3 12 33
3 13 33
3 14 33
3 30 33
3 31 33
3 32 33
3 35 33
3 36 33
3 37 33
3 38 33
3 39 33
3 48 33
3 49 33
3 50 33
3 54 33
3 55 33
3 56 33
3 57 33
3 58 33
3 60 33
3 61 33
3 62 33
3 63 33
3 64 33
3 65 33
3 68 33
3 70 33
3 71 33
3 0 34
3 1 34
3 2 34
3 3 34
3 4 34
3 5 34
3 6 34
3 7 34
3 8 34
3 9 34
3 10 34
3 11 34
3 12 34
3 13 34
3 14 34
3 15 34
3 16 34
3 17 34
3 18 34
3 19 34
3 20 34
3 21 34
3 22 34
3 23 34
3 24 34
3 25 34
3 26 34
3 27 34
3 28 34
3 29 34
3 30 34
3 31 34
3 32 34
3 33 34
3 34 34
3 35 34
3 36 34
3 37 34
3 38 34
3 39 34
3 40 34
3 41 34
3 42 34
3 43 34
3 44 34
3 45 34
3 46 34
3 47 34
3 48 34
3 49 34
3 50 34
3 51 34
3 52 34
3 53 34
3 54 34
3 55 34
3 56 34
3 57 34
3 58 34
3 59 34
3 60 34
3 61 34
3 62 34
3 63 34
3 64 34
3 65 34
3 66 34
3 67 34
3 68 34
3 69 34
3 70 34
3 71 34
3 0 35
3 1 35
3 2 35
3 3 35
3 4 35
3 5 35
3 6 35
3 7 35
3 8 35
3 9 35
3 10 35
3 11 35
3 12 35
3 13 35
3 14 35
3 15 35
3 16 35
3 17 35
3 18 35
3 19 35
3 20 35
3 21 35
3 22 35
3 23 35
3 24 35
3 25 35
3 26 35
3 27 35
3 28 35
3 29 35
3 30 35
3 31 35
3 32 35
3 33 35
3 34 35
3 35 35
3 36 35
3 37 35
3 38 35
3 39 35
3 40 35
3 41 35
3 42 35
3 43 35
3 44 35
3 45 35
3 46 35
3 47 35
3 48 35
3 49 35
3 50 35
3 51 35
3 52 35
3 53 35
3 54 35
3 55 35
3 56 35
3 57 35
3 58 35
3 59 35
3 60 35
3 61 35
3 62 35
3 63 35
3 64 35
3 65 35
3 66 35
3 67 35
3 68 35
3 69 35
3 70 35
3 71 35
4 0 0
4 1 0
4 2 0
4 3 0
4 4 0
4 5 0
4 6 0
4 7 0
4 8 0
4 9 0
4 10 0
4 11 0
4 12 0
4 13 0
4 14 0
4 15 0
4 16 0
4 17 0
4 18 0
4 19 0
4 20 0
4 21 0
4 22 0
4 23 0
4 24 0
4 25 0
4 26 0
4 27 0
4 28 0
4 29 0
4 30 0
4 31 0
4 32 0
4 33 0
4 34 0
4 35 0
4 36 0
4 37 0
4 38 0
4 39 0
4 40 0
4 41 0
4 42 0
4 43 0
4 44 0
4 45 0
4 46 0
4 47 0
4 48 0
4 49 0
4 50 0
4 51 0
4 52 0
4 53 0
4 54 0
4 55 0
4 56 0
4 57 0
4 58 0
4 59 0
4 60 0
4 61 0
4 62 0
4 63 0
4 64 0
4 65 0
4 66 0
4 67 0
4 68 0
4 69 0
4 70 0
4 71 0
4 0 1
4 1 1
4 2 1
4 3 1
4 4 1
4 5 1
4 6 1
4 7 1
4 8 1
4 9 1
4 10 1
4 11 1
4 12 1
4 13 1
4 14 1
4 15 1
4 16 1
4 17 1
4 18 1
4 19 1
4 20 1
4 21 1
4 22 1
4 23 1
4 24 1
4 25 1
4 26 1
4 27 1
4 28 1
4 29 1
4 30 1
4 31 1
4 32 1
4 33 1
4 34 1
4 35 1
4 36 1
4 37 1
4 38 1
4 39 1
4 40 1
4 41 1
4 42 1
4 43 1
4 44 1
4 45 1
4 46 1
4 47 1
4 48 1
4 49 1
4 50 1
4 51 1
4 52 1
4 53 1
4 54 1
4 55 1
4 56 1
4 57 1
4 58 1
4 59 1
4 60 1
4 61 1
4 62 1
4 63 1
4 64 1
4 65 1
4 66 1
4 67 1
4 68 1
4 69 1
4 70 1
4 71 1
4 0 2
4 1 2
4 23 2
4 24 2
4 25 2
4 27 2
4 28 2
4 29 2
4 30 2
4 31 2
4 32 2
4 33 2
4 34 2
4 35 2
4 36 2
4 37 2
4 59 2
4 60 2
4 61 2
4 62 2
4 63 2
4 64 2
4 65 2
4 66 2
4 70 2
4 71 2
4 0 3
4 1 3
4 23 3
4 24 3
4 25 3
4 26 3
4 27 3
4 28 3
4 29 3
4 30 3
4 31 3
4 32 3
4 33 3
4 34 3
4 35 3
4 36 3
4 38 3
4 59 3
4 60 3
4 61 3
4 62 3
4 63 3
4 64 3
4 65 3
4 66 3
4 70 3
4 71 3
4 0 4
4 1 4
4 23 4
4 24 4
4 25 4
4 26 4
4 27 4
4 28 4
4 29 4
4 30 4
4 31 4
4 32 4
4 33 4
4 34 4
4 35 4
4 36 4
4 59 4
4 60 4
4 61 4
4 62 4
4 63 4
4 64 4
4 65 4
4 66 4
4 70 4
4 71 4
4 0 5
4 1 5
4 23 5
4 24 5
4 25 5
4 26 5
4 27 5
4 28 5
4 29 5
4 30 5
4 31 5
4 32 5
4 33 5
4 34 5
4 35 5
4 36 5
4 59 5
4 60 5
4 61 5
4 62 5
4 63 5
4 70 5
4 71 5
4 0 6
4 1 6
4 23 6
4 24 6
4 25 6
4 26 6
4 27 6
4 28 6
4 29 6
4 30 6
4 31 6
4 32 6
4 33 6
4 51 6
4 70 6
4 71 6
4 0 7
4 1 7
4 23 7
4 24 7
4 25 7
4 27 7
4 28 7
4 29 7
4 30 7
4 31 7
4 32 7
4 33 7
4 34 7
4 39 7
4 40 7
4 41 7
4 42 7
4 70 7
4 71 7
4 0 8
4 1 8
4 23 8
4 24 8
4 25 8
4 27 8
4 28 8
4 29 8
4 30 8
4 31 8
4 32 8
4 33 8
4 34 8
4 39 8
4 40 8
4 41 8
4 42 8
4 53 8
4 54 8
4 55 8
4 56 8
4 57 8
4 70 8
4 71 8
4 0 9
4 1 9
4 5 9
4 6 9
4 7 9
4 8 9
4 23 9
4 24 9
4 25 9
4 26 9
4 27 9
4 28 9
4 29 9
4 30 9
4 31 9
4 32 9
4 33 9
4 34 9
4 39 9
4 40 9
4 41 9
4 42 9
4 43 9
4 44 9
4 47 9
4 48 9
4 49 9
4 50 9
4 53 9
4 54 9
4 55 9
4 56 9
4 57 9
4 70 9
4 71 9
4 0 10
4 1 10
4 5 10
4 6 10
4 7 10
4 8 10
4 23 10
4 24 10
4 25 10
4 26 10
4 27 10
4 28 10
4 29 10
4 30 10
4 31 10
4 32 10
4 33 10
4 34 10
4 39 10
4 40 10
4 41 10
4 42 10
4 43 10
4 44 10
4 47 10
4 48 10
4 49 10
4 50 10
4 53 10
4 54 10
4 55 10
4 56 10
4 57 10
4 70 10
4 71 10
4 0 11
4 1 11
4 5 11
4 6 11
4 7 11
4 8 11
4 23 11
4 24 11
4 25 11
4 26 11
4 27 11
4 28 11
4 29 11
4 30 11
4 31 11
4 32 11
4 33 11
4 39 11
4 40 11
4 41 11
4 42 11
4 43 11
4 44 11
4 47 11
4 48 11
4 49 11
4 50 11
4 53 11
4 54 11
4 55 11
4 56 11
4 57 11
4 70 11
4 71 11
4 0 12
4 1 12
4 5 12
4 6 12
4 7 12
4 8 12
4 27 12
4 28 12
4 29 12
4 30 12
4 31 12
4 32 12
4 33 12
4 39 12
4 40 12
4 41 12
4 42 12
4 43 12
4 44 12
4 70 12
4 71 12
4 0 13
4 1 13
4 5 13
4 6 13
4 7 13
4 8 13
4 30 13
4 31 13
4 62 13
4 63 13
4 64 13
4 70 13
4 71 13
4 0 14
4 1 14
4 5 14
4 6 14
4 7 14
4 30 14
4 40 14
4 41 14
4 42 14
4 43 14
4 62 14
4 63 14
4 64 14
4 65 14
4 70 14
4 71 14
4 0 15
4 1 15
4 12 15
4 13 15
4 14 15
4 39 15
4 40 15
4 41 15
4 42 15
4 43 15
4 62 15
4 63 15
4 64 15
4 65 15
4 70 15
4 71 15
4 0 16
4 1 16
4 12 16
4 13 16
4 14 16
4 30 16
4 39 16
4 40 16
4 41 16
4 42 16
4 43 16
4 63 16
4 64 16
4 65 16
4 70 16
4 71 16
4 0 17
4 1 17
4 12 17
4 13 17
4 14 17
4 19 17
4 31 17
4 39 17
4 40 17
4 41 17
4 42 17
4 57 17
4 58 17
4 59 17
4 70 17
4 71 17
4 0 18
4 1 18
4 30 18
4 31 18
4 39 18
4 40 18
4 41 18
4 42 18
4 57 18
4 58 18
4 59 18
4 70 18
4 71 18
4 0 19
4 1 19
4 30 19
4 31 19
4 39 19
4 40 19
4 41 19
4 42 19
4 57 19
4 58 19
4 59 19
4 60 19
4 61 19
4 64 19
4 70 19
4 71 19
4 0 20
4 1 20
4 30 20
4 31 20
4 39 20
4 40 20
4 41 20
4 42 20
4 59 20
4 60 20
4 61 20
4 62 20
4 70 20
4 71 20
4 0 21
4 1 21
4 31 21
4 59 21
4 60 21
4 61 21
4 62 21
4 70 21
4 71 21
4 0 22
4 1 22
4 30 22
4 59 22
4 60 22
4 61 22
4 62 22
4 70 22
4 71 22
4 0 23
4 1 23
4 60 23
4 61 23
4 62 23
4 70 23
4 71 23
4 0 24
4 1 24
4 12 24
4 13 24
4 40 24
4 60 24
4 70 24
4 71 24
4 0 25
4 1 25
4 12 25
4 13 25
4 40 25
4 41 25
4 60 25
4 61 25
4 70 25
4 71 25
4 0 26
4 1 26
4 7 26
4 12 26
4 13 26
4 64 26
4 65 26
4 70 26
4 71 26
4 0 27
4 1 27
4 6 27
4 8 27
4 9 27
4 10 27
4 12 27
4 13 27
4 59 27
4 60 27
4 61 27
4 70 27
4 71 27
4 0 28
4 1 28
4 8 28
4 9 28
4 10 28
4 11 28
4 12 28
4 13 28
4 59 28
4 60 28
4 61 28
4 62 28
4 70 28
4 71 28
4 0 29
4 1 29
4 7 29
4 8 29
4 9 29
4 10 29
4 11 29
4 12 29
4 13 29
4 59 29
4 60 29
4 61 29
4 62 29
4 70 29
4 71 29
4 0 30
4 1 30
4 6 30
4 7 30
4 8 30
4 9 30
4 10 30
4 11 30
4 12 30
4 13 30
4 14 30
4 15 30
4 16 30
4 60 30
4 61 30
4 62 30
4 63 30
4 70 30
4 71 30
4 0 31
4 1 31
4 6 31
4 7 31
4 8 31
4 9 31
4 10 31
4 11 31
4 12 31
4 13 31
4 14 31
4 15 31
4 16 31
4 60 31
4 61 31
4 62 31
4 63 31
4 70 31
4 71 31
4 0 32
4 1 32
4 6 32
4 7 32
4 8 32
4 9 32
4 10 32
4 11 32
4 12 32
4 13 32
4 14 32
4 15 32
4 16 32
4 60 32
4 61 32
4 62 32
4 63 32
4 70 32
4 71 32
4 0 33
4 1 33
4 12 33
4 13 33
4 18 33
4 19 33
4 20 33
4 21 33
4 60 33
4 61 33
4 70 33
4 71 33
4 0 34
4 1 34
4 2 34
4 3 34
4 4 34
4 5 34
4 6 34
4 7 34
4 8 34
4 9 34
4 10 34
4 11 34
4 12 34
4 13 34
4 14 34
4 15 34
4 16 34
4 17 34
4 18 34
4 19 34
4 20 34
4 21 34
4 22 34
4 23 34
4 24 34
4 25 34
4 26 34
4 27 34
4 28 34
4 29 34
4 30 34
4 31 34
4 32 34
4 33 34
4 34 34
4 35 34
4 36 34
4 37 34
4 38 34
4 39 34
4 40 34
4 41 34
4 42 34
4 43 34
4 44 34
4 45 34
4 46 34
4 47 34
4 48 34
4 49 34
4 50 34
4 51 34
4 52 34
4 53 34
4 54 34
4 55 34
4 56 34
4 57 34
4 58 34
4 59 34
4 60 34
4 61 34
4 62 34
4 63 34
4 64 34
4 65 34
4 66 34
4 67 34
4 68 34
4 69 34
4 70 34
4 71 34
4 0 35
4 1 35
4 2 35
4 3 35
4 4 35
4 5 35
4 6 35
4 7 35
4 8 35
4 9 35
4 10 35
4 11 35
4 12 35
4 13 35
4 14 35
4 15 35
4 16 35
4 17 35
4 18 35
4 19 35
4 20 35
4 21 35
4 22 35
4 23 35
4 24 35
4 25 35
4 26 35
4 27 35
4 28 35
4 29 35
4 30 35
4 31 35
4 32 35
4 33 35
4 34 35
4 35 35
4 36 35
4 37 35
4 38 35
4 39 35
4 40 35
4 41 35
4 42 35
4 43 35
4 44 35
4 45 35
4 46 35
4 47 35
4 48 35
4 49 35
4 50 35
4 51 35
4 52 35
4 53 35
4 54 35
4 55 35
4 56 35
4 57 35
4 58 35
4 59 35
4 60 35
4 61 35
4 62 35
4 63 35
4 64 35
4 65 35
4 66 35
4 67 35
4 68 35
4 69 35
4 70 35
4 71 35
5 0 0
5 1 0
5 2 0
5 3 0
5 4 0
5 5 0
5 6 0
5 7 0
5 8 0
5 9 0
5 10 0
5 11 0
5 12 0
5 13 0
5 14 0
5 15 0
5 16 0
5 17 0
5 18 0
5 19 0
5 20 0
5 21 0
5 22 0
5 23 0
5 24 0
5 25 0
5 26 0
5 27 0
5 28 0
5 29 0
5 30 0
5 31 0
5 32 0
5 33 0
5 34 0
5 35 0
5 36 0
5 37 0
5 38 0
5 39 0
5 40 0
5 41 0
5 42 0
5 43 0
5 44 0
5 45 0
5 46 0
5 47 0
5 48 0
5 49 0
5 50 0
5 51 0
5 52 0
5 53 0
5 54 0
5 55 0
5 56 0
5 57 0
5 58 0
5 59 0
5 60 0
5 61 0
5 62 0
5 63 0
5 64 0
5 65 0
5 66 0
5 67 0
5 68 0
5 69 0
5 70 0
5 71 0
5 0 1
5 1 1
5 2 1
5 3 1
5 4 1
5 5 1
5 6 1
5 7 1
5 8 1
5 9 1
5 10 1
5 11 1
5 12 1
5 13 1
5 14 1
5 15 1
5 16 1
5 17 1
5 18 1
5 19 1
5 20 1
5 21 1
5 22 1
5 23 1
5 24 1
5 25 1
5 26 1
5 27 1
5 28 1
5 29 1
5 30 1
5 31 1
5 32 1
5 33 1
5 34 1
5 35 1
5 36 1
5 37 1
5 38 1
5 39 1
5 40 1
5 41 1
5 42 1
5 43 1
5 44 1
5 45 1
5 46 1
5 47 1
5 48 1
5 49 1
5 50 1
5 51 1
5 52 1
5 53 1
5 54 1
5 55 1
5 56 1
5 57 1
5 58 1
5 59 1
5 60 1
5 61 1
5 62 1
5 63 1
5 64 1
5 65 1
5 66 1
5 67 1
5 68 1
5 69 1
5 70 1
5 71 1
5 0 2
5 1 2
5 48 2
5 70 2
5 71 2
5 0 3
5 1 3
5 40 3
5 44 3
5 70 3
5 71 3
5 0 4
5 1 4
5 11 4
5 49 4
5 70 4
5 71 4
5 0 5
5 1 5
5 70 5
5 71 5
5 0 6
5 1 6
5 38 6
5 47 6
5 70 6
5 71 6
5 0 7
5 1 7
5 49 7
5 70 7
5 71 7
5 0 8
5 1 8
5 35 8
5 70 8
5 71 8
5 0 9
5 1 9
5 20 9
5 70 9
5 71 9
5 0 10
5 1 10
5 11 10
5 12 10
5 13 10
5 32 10
5 70 10
5 71 10
5 0 11
5 1 11
5 6 11
5 11 11
5 12 11
5 13 11
5 56 11
5 57 11
5 58 11
5 70 11
5 71 11
5 0 12
5 1 12
5 11 12
5 12 12
5 13 12
5 44 12
5 45 12
5 46 12
5 56 12
5 57 12
5 58 12
5 70 12
5 71 12
5 0 13
5 1 13
5 20 13
5 44 13
5 45 13
5 46 13
5 56 13
5 57 13
5 58 13
5 70 13
5 71 13
5 0 14
5 1 14
5 35 14
5 36 14
5 37 14
5 44 14
5 45 14
5 46 14
5 70 14
5 71 14
5 0 15
5 1 15
5 35 15
5 36 15
5 37 15
5 44 15
5 45 15
5 46 15
5 70 15
5 71 15
5 0 16
5 1 16
5 35 16
5 36 16
5 37 16
5 58 16
5 62 16
5 70 16
5 71 16
5 0 17
5 1 17
5 33 17
5 34 17
5 35 17
5 70 17
5 71 17
5 0 18
5 1 18
5 33 18
5 34 18
5 35 18
5 36 18
5 46 18
5 47 18
5 48 18
5 60 18
5 70 18
5 71 18
5 0 19
5 1 19
5 33 19
5 34 19
5 35 19
5 36 19
5 46 19
5 47 19
5 48 19
5 70 19
5 71 19
5 0 20
5 1 20
5 34 20
5 35 20
5 36 20
5 38 20
5 39 20
5 40 20
5 46 20
5 47 20
5 48 20
5 70 20
5 71 20
5 0 21
5 1 21
5 31 21
5 32 21
5 33 21
5 38 21
5 39 21
5 40 21
5 60 21
5 61 21
5 62 21
5 63 21
5 66 21
5 67 21
5 68 21
5 70 21
5 71 21
5 0 22
5 1 22
5 31 22
5 32 22
5 33 22
5 38 22
5 39 22
5 40 22
5 51 22
5 52 22
5 53 22
5 60 22
5 61 22
5 62 22
5 63 22
5 66 22
5 67 22
5 68 22
5 70 22
5 71 22
5 0 23
5 1 23
5 7 23
5 8 23
5 9 23
5 31 23
5 32 23
5 33 23
5 35 23
5 36 23
5 37 23
5 38 23
5 39 23
5 40 23
5 41 23
5 42 23
5 43 23
5 44 23
5 45 23
5 46 23
5 47 23
5 48 23
5 51 23
5 52 23
5 53 23
5 60 23
5 61 23
5 62 23
5 63 23
5 66 23
5 67 23
5 68 23
5 70 23
5 71 23
5 0 24
5 1 24
5 7 24
5 8 24
5 9 24
5 31 24
5 35 24
5 36 24
5 37 24
5 38 24
5 39 24
5 40 24
5 41 24
5 42 24
5 43 24
5 44 24
5 45 24
5 46 24
5 47 24
5 48 24
5 51 24
5 52 24
5 53 24
5 61 24
5 62 24
5 63 24
5 70 24
5 71 24
5 0 25
5 1 25
5 7 25
5 8 25
5 9 25
5 30 25
5 35 25
5 36 25
5 37 25
5 38 25
5 39 25
5 40 25
5 41 25
5 42 25
5 43 25
5 44 25
5 45 25
5 46 25
5 47 25
5 48 25
5 67 25
5 68 25
5 69 25
5 70 25
5 71 25
5 0 26
5 1 26
5 30 26
5 31 26
5 35 26
5 36 26
5 37 26
5 38 26
5 39 26
5 40 26
5 41 26
5 42 26
5 43 26
5 44 26
5 45 26
5 46 26
5 47 26
5 48 26
5 60 26
5 61 26
5 62 26
5 63 26
5 65 26
5 67 26
5 68 26
5 69 26
5 70 26
5 71 26
5 0 27
5 1 27
5 35 27
5 36 27
5 37 27
5 38 27
5 39 27
5 40 27
5 41 27
5 42 27
5 43 27
5 44 27
5 45 27
5 46 27
5 47 27
5 48 27
5 60 27
5 61 27
5 62 27
5 63 27
5 65 27
5 67 27
5 68 27
5 69 27
5 70 27
5 71 27
5 0 28
5 1 28
5 31 28
5 35 28
5 36 28
5 37 28
5 38 28
5 39 28
5 40 28
5 41 28
5 42 28
5 43 28
5 44 28
5 45 28
5 46 28
5 47 28
5 48 28
5 55 28
5 56 28
5 57 28
5 58 28
5 59 28
5 67 28
5 68 28
5 69 28
5 70 28
5 71 28
5 0 29
5 1 29
5 35 29
5 36 29
5 37 29
5 38 29
5 39 29
5 40 29
5 41 29
5 42 29
5 43 29
5 44 29
5 45 29
5 46 29
5 47 29
5 48 29
5 54 29
5 55 29
5 56 29
5 57 29
5 58 29
5 59 29
5 70 29
5 71 29
5 0 30
5 1 30
5 33 30
5 34 30
5 35 30
5 36 30
5 37 30
5 38 30
5 39 30
5 40 30
5 41 30
5 42 30
5 43 30
5 44 30
5 45 30
5 46 30
5 47 30
5 48 30
5 70 30
5 71 30
5 0 31
5 1 31
5 31 31
5 35 31
5 36 31
5 37 31
5 38 31
5 39 31
5 40 31
5 41 31
5 42 31
5 43 31
5 44 31
5 45 31
5 46 31
5 47 31
5 48 31
5 70 31
5 71 31
5 0 32
5 1 32
5 35 32
5 36 32
5 37 32
5 38 32
5 39 32
5 40 32
5 41 32
5 42 32
5 43 32
5 44 32
5 45 32
5 46 32
5 47 32
5 48 32
5 70 32
5 71 32
5 0 33
5 1 33
5 35 33
5 36 33
5 37 33
5 38 33
5 39 33
5 40 33
5 41 33
5 42 33
5 43 33
5 44 33
5 45 33
5 46 33
5 47 33
5 48 33
5 70 33
5 71 33
5 0 34
5 1 34
5 2 34
5 3 34
5 4 34
5 5 34
5 6 34
5 7 34
5 8 34
5 9 34
5 10 34
5 11 34
5 12 34
5 13 34
5 14 34
5 15 34
5 16 34
5 17 34
5 18 34
5 19 34
5 20 34
5 21 34
5 22 34
5 23 34
5 24 34
5 25 34
5 26 34
5 27 34
5 28 34
5 29 34
5 30 34
5 31 34
5 32 34
5 33 34
5 34 34
5 35 34
5 36 34
5 37 34
5 38 34
5 39 34
5 40 34
5 41 34
5 42 34
5 43 34
5 44 34
5 45 34
5 46 34
5 47 34
5 48 34
5 49 34
5 50 34
5 51 34
5 52 34
5 53 34
5 54 34
5 55 34
5 56 34
5 57 34
5 58 34
5 59 34
5 60 34
5 61 34
5 62 34
5 63 34
5 64 34
5 65 34
5 66 34
5 67 34
5 68 34
5 69 34
5 70 34
5 71 34
5 0 35
5 1 35
5 2 35
5 3 35
5 4 35
5 5 35
5 6 35
5 7 35
5 8 35
5 9 35
5 10 35
5 11 35
5 12 35
5 13 35
5 14 35
5 15 35
5 16 35
5 17 35
5 18 35
5 19 35
5 20 35
5 21 35
5 22 35
5 23 35
5 24 35
5 25 35
5 26 35
5 27 35
5 28 35
5 29 35
5 30 35
5 31 35
5 32 35
5 33 35
5 34 35
5 35 35
5 36 35
5 37 35
5 38 35
5 39 35
5 40 35
5 41 35
5 42 35
5 43 35
5 44 35
5 45 35
5 46 35
5 47 35
5 48 35
5 49 35
5 50 35
5 51 35
5 52 35
5 53 35
5 54 35
5 55 35
5 56 35
5 57 35
5 58 35
5 59 35
5 60 35
5 61 35
5 62 35
5 63 35
5 64 35
5 65 35
5 66 35
5 67 35
5 68 35
5 69 35
5 70 35
5 71 35
6 0 0
6 1 0
6 2 0
6 3 0
6 4 0
6 5 0
6 6 0
6 7 0
6 8 0
6 9 0
6 10 0
6 11 0
6 12 0
6 13 0
6 14 0
6 15 0
6 16 0
6 17 0
6 18 0
6 19 0
6 20 0
6 21 0
6 22 0
6 23 0
6 24 0
6 25 0
6 26 0
6 27 0
6 28 0
6 29 0
6 30 0
6 31 0
6 32 0
6 33 0
6 34 0
6 35 0
6 36 0
6 37 0
6 38 0
6 39 0
6 40 0
6 41 0
6 42 0
6 43 0
6 44 0
6 45 0
6 46 0
6 47 0
6 48 0
6 49 0
6 50 0
6 51 0
6 52 0
6 53 0
6 54 0
6 55 0
6 56 0
6 57 0
6 58 0
6 59 0
6 60 0
6 61 0
6 62 0
6 63 0
6 64 0
6 65 0
6 66 0
6 67 0
6 68 0
6 69 0
6 70 0
6 71 0
6 72 0
6 73 0
6 74 0
6 75 0
6 76 0
6 77 0
6 78 0
6 79 0
6 80 0
6 81 0
6 82 0
6 83 0
6 84 0
6 85 0
6 86 0
6 87 0
6 88 0
6 89 0
6 90 0
6 91 0
6 92 0
6 93 0
6 94 0
6 95 0
6 0 1
6 1 1
6 2 1
6 3 1
6 4 1
6 5 1
6 6 1
6 7 1
6 8 1
6 9 1
6 10 1
6 11 1
6 12 1
6 13 1
6 14 1
6 15 1
6 16 1
6 17 1
6 18 1
6 19 1
6 20 1
6 21 1
6 22 1
6 23 1
6 24 1
6 25 1
6 26 1
6 27 1
6 28 1
6 29 1
6 30 1
6 31 1
6 32 1
6 33 1
6 34 1
6 35 1
6 36 1
6 37 1
6 38 1
6 39 1
6 40 1
6 41 1
6 42 1
6 43 1
6 44 1
6 45 1
6 46 1
6 47 1
6 48 1
6 49 1
6 50 1
6 51 1
6 52 1
6 53 1
6 54 1
6 55 1
6 56 1
6 57 1
6 58 1
6 59 1
6 60 1
6 61 1
6 62 1
6 63 1
6 64 1
6 65 1
6 66 1
6 67 1
6 68 1
6 69 1
6 70 1
6 71 1
6 72 1
6 73 1
6 74 1
6 75 1
6 76 1
6 77 1
6 78 1
6 79 1
6 80 1
6 81 1
6 82 1
6 83 1
6 84 1
6 85 1
6 86 1
6 87 1
6 88 1
6 89 1
6 90 1
6 91 1
6 92 1
6 93 1
6 94 1
6 95 1
6 0 2
6 1 2
6 9 2
6 10 2
6 11 2
6 36 2
6 37 2
6 38 2
6 39 2
6 40 2
6 41 2
6 42 2
6 43 2
6 44 2
6 45 2
6 46 2
6 56 2
6 57 2
6 58 2
6 94 2
6 95 2
6 0 3
6 1 3
6 6 3
6 7 3
6 8 3
6 9 3
6 10 3
6 11 3
6 36 3
6 37 3
6 38 3
6 39 3
6 40 3
6 41 3
6 42 3
6 43 3
6 44 3
6 45 3
6 46 3
6 55 3
6 56 3
6 57 3
6 94 3
6 95 3
6 0 4
6 1 4
6 6 4
6 7 4
6 8 4
6 36 4
6 37 4
6 38 4
6 39 4
6 40 4
6 41 4
6 42 4
6 43 4
6 44 4
6 46 4
6 47 4
6 48 4
6 55 4
6 56 4
6 57 4
6 62 4
6 94 4
6 95 4
6 0 5
6 1 5
6 6 5
6 7 5
6 8 5
6 37 5
6 38 5
6 39 5
6 40 5
6 41 5
6 42 5
6 43 5
6 44 5
6 46 5
6 47 5
6 48 5
6 55 5
6 56 5
6 57 5
6 58 5
6 94 5
6 95 5
6 0 6
6 1 6
6 16 6
6 17 6
6 18 6
6 26 6
6 27 6
6 28 6
6 37 6
6 38 6
6 39 6
6 40 6
6 41 6
6 42 6
6 43 6
6 44 6
6 45 6
6 46 6
6 47 6
6 48 6
6 55 6
6 56 6
6 57 6
6 58 6
6 94 6
6 95 6
6 0 7
6 1 7
6 16 7
6 17 7
6 18 7
6 26 7
6 27 7
6 28 7
6 36 7
6 37 7
6 38 7
6 39 7
6 40 7
6 41 7
6 42 7
6 43 7
6 44 7
6 45 7
6 46 7
6 47 7
6 55 7
6 56 7
6 57 7
6 58 7
6 73 7
6 94 7
6 95 7
6 0 8
6 1 8
6 16 8
6 17 8
6 18 8
6 25 8
6 26 8
6 27 8
6 28 8
6 36 8
6 37 8
6 38 8
6 39 8
6 40 8
6 41 8
6 42 8
6 43 8
6 44 8
6 45 8
6 46 8
6 47 8
6 55 8
6 56 8
6 57 8
6 58 8
6 94 8
6 95 8
6 0 9
6 1 9
6 25 9
6 26 9
6 27 9
6 36 9
6 37 9
6 38 9
6 39 9
6 40 9
6 41 9
6 42 9
6 43 9
6 44 9
6 45 9
6 46 9
6 47 9
6 53 9
6 55 9
6 56 9
6 57 9
6 58 9
6 94 9
6 95 9
6 0 10
6 1 10
6 11 10
6 12 10
6 13 10
6 25 10
6 26 10
6 27 10
6 36 10
6 37 10
6 38 10
6 39 10
6 40 10
6 41 10
6 42 10
6 43 10
6 44 10
6 45 10
6 46 10
6 47 10
6 55 10
6 56 10
6 57 10
6 58 10
6 94 10
6 95 10
6 0 11
6 1 11
6 3 11
6 4 11
6 5 11
6 11 11
6 12 11
6 13 11
6 36 11
6 37 11
6 38 11
6 39 11
6 40 11
6 41 11
6 42 11
6 43 11
6 44 11
6 45 11
6 46 11
6 47 11
6 55 11
6 56 11
6 57 11
6 58 11
6 94 11
6 95 11
6 0 12
6 1 12
6 3 12
6 4 12
6 5 12
6 10 12
6 11 12
6 12 12
6 13 12
6 27 12
6 28 12
6 29 12
6 30 12
6 31 12
6 32 12
6 33 12
6 34 12
6 37 12
6 38 12
6 39 12
6 40 12
6 41 12
6 42 12
6 43 12
6 44 12
6 45 12
6 55 12
6 56 12
6 57 12
6 72 12
6 83 12
6 84 12
6 85 12
6 89 12
6 94 12
6 95 12
6 0 13
6 1 13
6 3 13
6 4 13
6 5 13
6 10 13
6 11 13
6 27 13
6 28 13
6 29 13
6 30 13
6 31 13
6 32 13
6 33 13
6 34 13
6 83 13
6 84 13
6 85 13
6 94 13
6 95 13
6 0 14
6 1 14
6 10 14
6 11 14
6 24 14
6 25 14
6 26 14
6 27 14
6 28 14
6 29 14
6 30 14
6 31 14
6 32 14
6 33 14
6 34 14
6 83 14
6 84 14
6 85 14
6 90 14
6 91 14
6 92 14
6 93 14
6 94 14
6 95 14
6 0 15
6 1 15
6 10 15
6 11 15
6 14 15
6 15 15
6 16 15
6 21 15
6 22 15
6 23 15
6 24 15
6 25 15
6 26 15
6 30 15
6 31 15
6 32 15
6 33 15
6 40 15
6 41 15
6 42 15
6 65 15
6 72 15
6 73 15
6 74 15
6 90 15
6 91 15
6 92 15
6 93 15
6 94 15
6 95 15
6 0 16
6 1 16
6 10 16
6 11 16
6 14 16
6 15 16
6 16 16
6 21 16
6 22 16
6 23 16
6 24 16
6 25 16
6 26 16
6 31 16
6 32 16
6 33 16
6 40 16
6 41 16
6 42 16
6 72 16
6 73 16
6 74 16
6 90 16
6 91 16
6 92 16
6 93 16
6 94 16
6 95 16
6 0 17
6 1 17
6 2 17
6 3 17
6 10 17
6 11 17
6 14 17
6 15 17
6 16 17
6 21 17
6 22 17
6 23 17
6 40 17
6 41 17
6 42 17
6 72 17
6 73 17
6 74 17
6 79 17
6 80 17
6 81 17
6 92 17
6 93 17
6 94 17
6 95 17
6 0 18
6 1 18
6 23 18
6 38 18
6 39 18
6 40 18
6 79 18
6 80 18
6 81 18
6 94 18
6 95 18
6 0 19
6 1 19
6 2 19
6 3 19
6 9 19
6 10 19
6 11 19
6 12 19
6 22 19
6 38 19
6 39 19
6 40 19
6 65 19
6 66 19
6 67 19
6 79 19
6 80 19
6 81 19
6 94 19
6 95 19
6 0 20
6 1 20
6 2 20
6 3 20
6 9 20
6 10 20
6 11 20
6 12 20
6 35 20
6 36 20
6 37 20
6 38 20
6 39 20
6 40 20
6 45 20
6 65 20
6 66 20
6 67 20
6 94 20
6 95 20
6 0 21
6 1 21
6 2 21
6 3 21
6 9 21
6 10 21
6 11 21
6 12 21
6 35 21
6 36 21
6 37 21
6 48 21
6 65 21
6 66 21
6 67 21
6 80 21
6 81 21
6 82 21
6 83 21
6 84 21
6 85 21
6 94 21
6 95 21
6 0 22
6 1 22
6 9 22
6 10 22
6 11 22
6 12 22
6 35 22
6 36 22
6 37 22
6 46 22
6 47 22
6 48 22
6 80 22
6 81 22
6 82 22
6 83 22
6 84 22
6 85 22
6 86 22
6 88 22
6 89 22
6 90 22
6 94 22
6 95 22
6 0 23
6 1 23
6 19 23
6 46 23
6 47 23
6 48 23
6 80 23
6 81 23
6 82 23
6 83 23
6 84 23
6 85 23
6 86 23
6 88 23
6 89 23
6 90 23
6 94 23
6 95 23
6 0 24
6 1 24
6 15 24
6 46 24
6 47 24
6 48 24
6 83 24
6 84 24
6 85 24
6 86 24
6 88 24
6 89 24
6 90 24
6 94 24
6 95 24
6 0 25
6 1 25
6 46 25
6 47 25
6 48 25
6 68 25
6 69 25
6 70 25
6 71 25
6 72 25
6 94 25
6 95 25
6 0 26
6 1 26
6 14 26
6 15 26
6 16 26
6 46 26
6 47 26
6 48 26
6 65 26
6 66 26
6 67 26
6 68 26
6 69 26
6 70 26
6 71 26
6 72 26
6 94 26
6 95 26
6 0 27
6 1 27
6 7 27
6 14 27
6 15 27
6 16 27
6 65 27
6 66 27
6 67 27
6 68 27
6 69 27
6 70 27
6 71 27
6 72 27
6 94 27
6 95 27
6 0 28
6 1 28
6 5 28
6 6 28
6 7 28
6 8 28
6 14 28
6 15 28
6 16 28
6 54 28
6 55 28
6 56 28
6 65 28
6 66 28
6 67 28
6 94 28
6 95 28
6 0 29
6 1 29
6 4 29
6 5 29
6 6 29
6 7 29
6 8 29
6 9 29
6 54 29
6 55 29
6 56 29
6 94 29
6 95 29
6 0 30
6 1 30
6 4 30
6 5 30
6 6 30
6 7 30
6 8 30
6 9 30
6 25 30
6 26 30
6 27 30
6 54 30
6 55 30
6 56 30
6 91 30
6 94 30
6 95 30
6 0 31
6 1 31
6 4 31
6 5 31
6 6 31
6 7 31
6 8 31
6 9 31
6 15 31
6 25 31
6 26 31
6 27 31
6 45 31
6 46 31
6 47 31
6 63 31
6 64 31
6 65 31
6 94 31
6 95 31
6 0 32
6 1 32
6 5 32
6 6 32
6 7 32
6 25 32
6 26 32
6 27 32
6 45 32
6 46 32
6 47 32
6 63 32
6 64 32
6 65 32
6 94 32
6 95 32
6 0 33
6 1 33
6 7 33
6 13 33
6 35 33
6 36 33
6 37 33
6 45 33
6 46 33
6 47 33
6 63 33
6 64 33
6 65 33
6 91 33
6 94 33
6 95 33
6 0 34
6 1 34
6 16 34
6 35 34
6 36 34
6 37 34
6 94 34
6 95 34
6 0 35
6 1 35
6 12 35
6 13 35
6 14 35
6 22 35
6 35 35
6 36 35
6 37 35
6 38 35
6 43 35
6 44 35
6 45 35
6 49 35
6 50 35
6 51 35
6 52 35
6 56 35
6 57 35
6 94 35
6 95 35
6 0 36
6 1 36
6 12 36
6 13 36
6 14 36
6 16 36
6 36 36
6 37 36
6 38 36
6 43 36
6 44 36
6 45 36
6 50 36
6 51 36
6 52 36
6 68 36
6 69 36
6 70 36
6 72 36
6 73 36
6 75 36
6 76 36
6 77 36
6 80 36
6 81 36
6 82 36
6 87 36
6 94 36
6 95 36
6 0 37
6 1 37
6 8 37
6 9 37
6 12 37
6 13 37
6 14 37
6 36 37
6 37 37
6 38 37
6 43 37
6 44 37
6 45 37
6 50 37
6 51 37
6 52 37
6 61 37
6 62 37
6 64 37
6 65 37
6 66 37
6 68 37
6 69 37
6 70 37
6 71 37
6 72 37
6 73 37
6 75 37
6 76 37
6 77 37
6 79 37
6 80 37
6 81 37
6 82 37
6 94 37
6 95 37
6 0 38
6 1 38
6 2 38
6 5 38
6 16 38
6 34 38
6 35 38
6 36 38
6 44 38
6 45 38
6 46 38
6 53 38
6 54 38
6 55 38
6 66 38
6 68 38
6 69 38
6 70 38
6 71 38
6 72 38
6 73 38
6 74 38
6 75 38
6 76 38
6 77 38
6 79 38
6 80 38
6 81 38
6 82 38
6 94 38
6 95 38
6 0 39
6 1 39
6 12 39
6 15 39
6 34 39
6 35 39
6 36 39
6 44 39
6 45 39
6 46 39
6 53 39
6 54 39
6 55 39
6 62 39
6 63 39
6 72 39
6 73 39
6 77 39
6 79 39
6 80 39
6 81 39
6 94 39
6 95 39
6 0 40
6 1 40
6 6 40
6 14 40
6 15 40
6 17 40
6 34 40
6 35 40
6 36 40
6 44 40
6 45 40
6 46 40
6 47 40
6 53 40
6 54 40
6 55 40
6 65 40
6 66 40
6 70 40
6 72 40
6 73 40
6 78 40
6 79 40
6 80 40
6 94 40
6 95 40
6 0 41
6 1 41
6 3 41
6 4 41
6 9 41
6 13 41
6 56 41
6 71 41
6 72 41
6 73 41
6 78 41
6 79 41
6 80 41
6 93 41
6 94 41
6 95 41
6 0 42
6 1 42
6 4 42
6 5 42
6 16 42
6 20 42
6 22 42
6 56 42
6 69 42
6 70 42
6 71 42
6 72 42
6 73 42
6 75 42
6 78 42
6 79 42
6 80 42
6 89 42
6 90 42
6 91 42
6 92 42
6 93 42
6 94 42
6 95 42
6 0 43
6 1 43
6 5 43
6 8 43
6 13 43
6 15 43
6 31 43
6 52 43
6 60 43
6 71 43
6 72 43
6 73 43
6 74 43
6 76 43
6 77 43
6 78 43
6 89 43
6 90 43
6 91 43
6 92 43
6 93 43
6 94 43
6 95 43
6 0 44
6 1 44
6 7 44
6 9 44
6 11 44
6 13 44
6 22 44
6 58 44
6 59 44
6 60 44
6 67 44
6 69 44
6 72 44
6 73 44
6 74 44
6 76 44
6 77 44
6 78 44
6 89 44
6 90 44
6 91 44
6 92 44
6 93 44
6 94 44
6 95 44
6 0 45
6 1 45
6 11 45
6 19 45
6 22 45
6 42 45
6 43 45
6 44 45
6 57 45
6 58 45
6 59 45
6 60 45
6 61 45
6 69 45
6 70 45
6 72 45
6 73 45
6 74 45
6 76 45
6 77 45
6 78 45
6 92 45
6 93 45
6 94 45
6 95 45
6 0 46
6 1 46
6 2 46
6 3 46
6 4 46
6 5 46
6 6 46
6 7 46
6 8 46
6 9 46
6 10 46
6 11 46
6 12 46
6 13 46
6 14 46
6 15 46
6 16 46
6 17 46
6 18 46
6 19 46
6 20 46
6 21 46
6 22 46
6 23 46
6 24 46
6 25 46
6 26 46
6 27 46
6 28 46
6 29 46
6 30 46
6 31 46
6 32 46
6 33 46
6 34 46
6 35 46
6 36 46
6 37 46
6 38 46
6 39 46
6 40 46
6 41 46
6 42 46
6 43 46
6 44 46
6 45 46
6 46 46
6 47 46
6 48 46
6 49 46
6 50 46
6 51 46
6 52 46
6 53 46
6 54 46
6 55 46
6 56 46
6 57 46
6 58 46
6 59 46
6 60 46
6 61 46
6 62 46
6 63 46
6 64 46
6 65 46
6 66 46
6 67 46
6 68 46
6 69 46
6 70 46
6 71 46
6 72 46
6 73 46
6 74 46
6 75 46
6 76 46
6 77 46
6 78 46
6 79 46
6 80 46
6 81 46
6 82 46
6 83 46
6 84 46
6 85 46
6 86 46
6 87 46
6 88 46
6 89 46
6 90 46
6 91 46
6 92 46
6 93 46
6 94 46
6 95 46
6 0 47
6 1 47
6 2 47
6 3 47
6 4 47
6 5 47
6 6 47
6 7 47
6 8 47
6 9 47
6 10 47
6 11 47
6 12 47
6 13 47
6 14 47
6 15 47
6 16 47
6 17 47
6 18 47
6 19 47
6 20 47
6 21 47
6 22 47
6 23 47
6 24 47
6 25 47
6 26 47
6 27 47
6 28 47
6 29 47
6 30 47
6 31 47
6 32 47
6 33 47
6 34 47
6 35 47
6 36 47
6 37 47
6 38 47
6 39 47
6 40 47
6 41 47
6 42 47
6 43 47
6 44 47
6 45 47
6 46 47
6 47 47
6 48 47
6 49 47
6 50 47
6 51 47
6 52 47
6 53 47
6 54 47
6 55 47
6 56 47
6 57 47
6 58 47
6 59 47
6 60 47
6 61 47
6 62 47
6 63 47
6 64 47
6 65 47
6 66 47
6 67 47
6 68 47
6 69 47
6 70 47
6 71 47
6 72 47
6 73 47
6 74 47
6 75 47
6 76 47
6 77 47
6 78 47
6 79 47
6 80 47
6 81 47
6 82 47
6 83 47
6 84 47
6 85 47
6 86 47
6 87 47
6 88 47
6 89 47
6 90 47
6 91 47
6 92 47
6 93 47
6 94 47
6 95 47
7 0 0
7 1 0
7 2 0
7 3 0
7 4 0
7 5 0
7 6 0
7 7 0
7 8 0
7 9 0
7 10 0
7 11 0
7 12 0
7 13 0
7 14 0
7 15 0
7 16 0
7 17 0
7 18 0
7 19 0
7 20 0
7 21 0
7 22 0
7 23 0
7 24 0
7 25 0
7 26 0
7 27 0
7 28 0
7 29 0
7 30 0
7 31 0
7 32 0
7 33 0
7 34 0
7 35 0
7 36 0
7 37 0
7 38 0
7 39 0
7 40 0
7 41 0
7 42 0
7 43 0
7 44 0
7 45 0
7 46 0
7 47 0
7 48 0
7 49 0
7 50 0
7 51 0
7 52 0
7 53 0
7 54 0
7 55 0
7 56 0
7 57 0
7 58 0
7 59 0
7 60 0
7 61 0
7 62 0
7 63 0
7 64 0
7 65 0
7 66 0
7 67 0
7 68 0
7 69 0
7 70 0
7 71 0
7 72 0
7 73 0
7 74 0
7 75 0
7 76 0
7 77 0
7 78 0
7 79 0
7 80 0
7 81 0
7 82 0
7 83 0
7 84 0
7 85 0
7 86 0
7 87 0
7 88 0
7 89 0
7 90 0
7 91 0
7 92 0
7 93 0
7 94 0
7 95 0
7 0 1
7 1 1
7 2 1
7 3 1
7 4 1
7 5 1
7 6 1
7 7 1
7 8 1
7 9 1
7 10 1
7 11 1
7 12 1
7 13 1
7 14 1
7 15 1
7 16 1
7 17 1
7 18 1
7 19 1
7 20 1
7 21 1
7 22 1
7 23 1
7 24 1
7 25 1
7 26 1
7 27 1
7 28 1
7 29 1
7 30 1
7 31 1
7 32 1
7 33 1
7 34 1
7 35 1
7 36 1
7 37 1
7 38 1
7 39 1
7 40 1
7 41 1
7 42 1
7 43 1
7 44 1
7 45 1
7 46 1
7 47 1
7 48 1
7 49 1
7 50 1
7 51 1
7 52 1
7 53 1
7 54 1
7 55 1
7 56 1
7 57 1
7 58 1
7 59 1
7 60 1
7 61 1
7 62 1
7 63 1
7 64 1
7 65 1
7 66 1
7 67 1
7 68 1
7 69 1
7 70 1
7 71 1
7 72 1
7 73 1
7 74 1
7 75 1
7 76 1
7 77 1
7 78 1
7 79 1
7 80 1
7 81 1
7 82 1
7 83 1
7 84 1
7 85 1
7 86 1
7 87 1
7 88 1
7 89 1
7 90 1
7 91 1
7 92 1
7 93 1
7 94 1
7 95 1
7 0 2
7 1 2
7 3 2
7 4 2
7 5 2
7 10 2
7 11 2
7 12 2
7 13 2
7 14 2
7 15 2
7 16 2
7 23 2
7 24 2
7 25 2
7 33 2
7 34 2
7 35 2
7 36 2
7 37 2
7 38 2
7 39 2
7 40 2
7 72 2
7 73 2
7 74 2
7 76 2
7 77 2
7 78 2
7 79 2
7 85 2
7 87 2
7 88 2
7 89 2
7 90 2
7 91 2
7 92 2
7 93 2
7 94 2
7 95 2
7 0 3
7 1 3
7 3 3
7 4 3
7 5 3
7 10 3
7 11 3
7 12 3
7 13 3
7 14 3
7 15 3
7 16 3
7 23 3
7 24 3
7 25 3
7 27 3
7 28 3
7 29 3
7 36 3
7 37 3
7 38 3
7 39 3
7 40 3
7 41 3
7 72 3
7 73 3
7 74 3
7 82 3
7 87 3
7 88 3
7 89 3
7 90 3
7 91 3
7 93 3
7 94 3
7 95 3
7 0 4
7 1 4
7 3 4
7 4 4
7 5 4
7 9 4
7 10 4
7 11 4
7 12 4
7 13 4
7 14 4
7 15 4
7 16 4
7 27 4
7 28 4
7 29 4
7 39 4
7 40 4
7 41 4
7 42 4
7 72 4
7 77 4
7 85 4
7 88 4
7 89 4
7 90 4
7 92 4
7 94 4
7 95 4
7 0 5
7 1 5
7 3 5
7 4 5
7 5 5
7 6 5
7 7 5
7 8 5
7 9 5
7 10 5
7 11 5
7 12 5
7 27 5
7 28 5
7 29 5
7 33 5
7 34 5
7 35 5
7 39 5
7 40 5
7 41 5
7 42 5
7 93 5
7 94 5
7 95 5
7 0 6
7 1 6
7 3 6
7 4 6
7 5 6
7 6 6
7 7 6
7 8 6
7 9 6
7 10 6
7 11 6
7 12 6
7 18 6
7 19 6
7 20 6
7 27 6
7 28 6
7 29 6
7 31 6
7 32 6
7 33 6
7 34 6
7 35 6
7 39 6
7 40 6
7 41 6
7 42 6
7 81 6
7 85 6
7 94 6
7 95 6
7 0 7
7 1 7
7 4 7
7 5 7
7 6 7
7 7 7
7 8 7
7 9 7
7 10 7
7 11 7
7 12 7
7 18 7
7 19 7
7 20 7
7 27 7
7 28 7
7 29 7
7 31 7
7 32 7
7 33 7
7 34 7
7 35 7
7 39 7
7 40 7
7 41 7
7 47 7
7 48 7
7 49 7
7 77 7
7 94 7
7 95 7
7 0 8
7 1 8
7 4 8
7 5 8
7 6 8
7 8 8
7 9 8
7 10 8
7 11 8
7 12 8
7 18 8
7 19 8
7 20 8
7 31 8
7 32 8
7 33 8
7 47 8
7 48 8
7 49 8
7 94 8
7 95 8
7 0 9
7 1 9
7 3 9
7 4 9
7 5 9
7 6 9
7 10 9
7 11 9
7 12 9
7 28 9
7 29 9
7 30 9
7 38 9
7 39 9
7 40 9
7 45 9
7 46 9
7 47 9
7 48 9
7 49 9
7 50 9
7 53 9
7 54 9
7 55 9
7 94 9
7 95 9
7 0 10
7 1 10
7 3 10
7 4 10
7 5 10
7 9 10
7 10 10
7 11 10
7 28 10
7 29 10
7 30 10
7 38 10
7 39 10
7 40 10
7 45 10
7 46 10
7 47 10
7 48 10
7 49 10
7 50 10
7 53 10
7 54 10
7 55 10
7 84 10
7 85 10
7 86 10
7 94 10
7 95 10
7 0 11
7 1 11
7 3 11
7 4 11
7 5 11
7 9 11
7 10 11
7 11 11
7 28 11
7 29 11
7 30 11
7 38 11
7 39 11
7 40 11
7 45 11
7 46 11
7 47 11
7 48 11
7 49 11
7 50 11
7 53 11
7 54 11
7 55 11
7 57 11
7 58 11
7 59 11
7 84 11
7 85 11
7 86 11
7 94 11
7 95 11
7 0 12
7 1 12
7 5 12
7 6 12
7 7 12
7 9 12
7 10 12
7 11 12
7 57 12
7 58 12
7 59 12
7 84 12
7 85 12
7 86 12
7 94 12
7 95 12
7 0 13
7 1 13
7 5 13
7 6 13
7 7 13
7 57 13
7 58 13
7 59 13
7 94 13
7 95 13
7 0 14
7 1 14
7 5 14
7 6 14
7 7 14
7 18 14
7 19 14
7 20 14
7 42 14
7 43 14
7 44 14
7 70 14
7 71 14
7 72 14
7 94 14
7 95 14
7 0 15
7 1 15
7 12 15
7 13 15
7 14 15
7 18 15
7 19 15
7 20 15
7 42 15
7 43 15
7 44 15
7 51 15
7 52 15
7 53 15
7 56 15
7 57 15
7 58 15
7 68 15
7 69 15
7 70 15
7 71 15
7 72 15
7 79 15
7 80 15
7 81 15
7 89 15
7 90 15
7 91 15
7 92 15
7 94 15
7 95 15
7 0 16
7 1 16
7 9 16
7 12 16
7 13 16
7 14 16
7 18 16
7 19 16
7 20 16
7 42 16
7 43 16
7 44 16
7 46 16
7 47 16
7 48 16
7 51 16
7 52 16
7 53 16
7 56 16
7 57 16
7 58 16
7 68 16
7 69 16
7 70 16
7 71 16
7 72 16
7 79 16
7 80 16
7 81 16
7 82 16
7 89 16
7 90 16
7 91 16
7 92 16
7 94 16
7 95 16
7 0 17
7 1 17
7 7 17
7 8 17
7 9 17
7 12 17
7 13 17
7 14 17
7 38 17
7 46 17
7 47 17
7 48 17
7 51 17
7 52 17
7 53 17
7 56 17
7 57 17
7 58 17
7 63 17
7 64 17
7 65 17
7 66 17
7 68 17
7 69 17
7 70 17
7 71 17
7 73 17
7 74 17
7 75 17
7 79 17
7 80 17
7 81 17
7 82 17
7 83 17
7 84 17
7 89 17
7 90 17
7 91 17
7 92 17
7 94 17
7 95 17
7 0 18
7 1 18
7 7 18
7 8 18
7 9 18
7 10 18
7 11 18
7 12 18
7 46 18
7 47 18
7 48 18
7 55 18
7 56 18
7 57 18
7 58 18
7 63 18
7 64 18
7 65 18
7 66 18
7 67 18
7 68 18
7 69 18
7 70 18
7 71 18
7 73 18
7 74 18
7 75 18
7 79 18
7 80 18
7 81 18
7 82 18
7 83 18
7 84 18
7 92 18
7 93 18
7 94 18
7 95 18
7 0 19
7 1 19
7 7 19
7 8 19
7 9 19
7 10 19
7 11 19
7 12 19
7 18 19
7 46 19
7 47 19
7 48 19
7 54 19
7 55 19
7 56 19
7 57 19
7 63 19
7 64 19
7 65 19
7 66 19
7 67 19
7 68 19
7 73 19
7 74 19
7 75 19
7 79 19
7 80 19
7 81 19
7 82 19
7 83 19
7 84 19
7 92 19
7 93 19
7 94 19
7 95 19
7 0 20
7 1 20
7 10 20
7 11 20
7 12 20
7 29 20
7 30 20
7 31 20
7 37 20
7 38 20
7 39 20
7 55 20
7 56 20
7 57 20
7 63 20
7 64 20
7 65 20
7 66 20
7 67 20
7 68 20
7 79 20
7 80 20
7 81 20
7 86 20
7 92 20
7 93 20
7 94 20
7 95 20
7 0 21
7 1 21
7 29 21
7 30 21
7 31 21
7 37 21
7 38 21
7 39 21
7 48 21
7 49 21
7 50 21
7 51 21
7 52 21
7 63 21
7 64 21
7 65 21
7 66 21
7 67 21
7 68 21
7 79 21
7 80 21
7 81 21
7 89 21
7 90 21
7 91 21
7 92 21
7 93 21
7 94 21
7 95 21
7 0 22
7 1 22
7 29 22
7 30 22
7 31 22
7 33 22
7 34 22
7 35 22
7 37 22
7 38 22
7 39 22
7 48 22
7 49 22
7 50 22
7 51 22
7 52 22
7 64 22
7 65 22
7 66 22
7 67 22
7 75 22
7 76 22
7 77 22
7 78 22
7 79 22
7 80 22
7 81 22
7 89 22
7 90 22
7 91 22
7 92 22
7 93 22
7 94 22
7 95 22
7 0 23
7 1 23
7 3 23
7 4 23
7 5 23
7 33 23
7 34 23
7 35 23
7 48 23
7 49 23
7 50 23
7 51 23
7 52 23
7 75 23
7 76 23
7 77 23
7 78 23
7 80 23
7 89 23
7 90 23
7 91 23
7 94 23
7 95 23
7 0 24
7 1 24
7 3 24
7 4 24
7 5 24
7 33 24
7 34 24
7 35 24
7 40 24
7 41 24
7 42 24
7 50 24
7 51 24
7 52 24
7 71 24
7 75 24
7 76 24
7 77 24
7 78 24
7 94 24
7 95 24
7 0 25
7 1 25
7 3 25
7 4 25
7 5 25
7 22 25
7 26 25
7 27 25
7 28 25
7 31 25
7 32 25
7 33 25
7 40 25
7 41 25
7 42 25
7 75 25
7 76 25
7 77 25
7 78 25
7 89 25
7 92 25
7 94 25
7 95 25
7 0 26
7 1 26
7 26 26
7 27 26
7 28 26
7 31 26
7 32 26
7 33 26
7 40 26
7 41 26
7 42 26
7 48 26
7 49 26
7 50 26
7 75 26
7 76 26
7 77 26
7 78 26
7 89 26
7 90 26
7 91 26
7 92 26
7 93 26
7 94 26
7 95 26
7 0 27
7 1 27
7 2 27
7 3 27
7 4 27
7 5 27
7 6 27
7 17 27
7 18 27
7 19 27
7 20 27
7 21 27
7 26 27
7 27 27
7 28 27
7 31 27
7 32 27
7 33 27
7 34 27
7 35 27
7 36 27
7 48 27
7 49 27
7 50 27
7 52 27
7 53 27
7 54 27
7 89 27
7 90 27
7 91 27
7 92 27
7 93 27
7 94 27
7 95 27
7 0 28
7 1 28
7 2 28
7 3 28
7 4 28
7 5 28
7 6 28
7 7 28
7 8 28
7 9 28
7 17 28
7 18 28
7 19 28
7 20 28
7 21 28
7 26 28
7 27 28
7 28 28
7 34 28
7 35 28
7 36 28
7 48 28
7 49 28
7 50 28
7 52 28
7 53 28
7 54 28
7 70 28
7 89 28
7 90 28
7 91 28
7 92 28
7 93 28
7 94 28
7 95 28
7 0 29
7 1 29
7 2 29
7 3 29
7 4 29
7 5 29
7 6 29
7 7 29
7 8 29
7 9 29
7 17 29
7 18 29
7 19 29
7 20 29
7 21 29
7 26 29
7 27 29
7 28 29
7 34 29
7 35 29
7 36 29
7 52 29
7 53 29
7 54 29
7 83 29
7 89 29
7 91 29
7 94 29
7 95 29
7 0 30
7 1 30
7 3 30
7 4 30
7 5 30
7 7 30
7 8 30
7 9 30
7 41 30
7 42 30
7 43 30
7 46 30
7 47 30
7 48 30
7 54 30
7 55 30
7 90 30
7 92 30
7 93 30
7 94 30
7 95 30
7 0 31
7 1 31
7 3 31
7 4 31
7 5 31
7 41 31
7 42 31
7 43 31
7 44 31
7 45 31
7 46 31
7 47 31
7 48 31
7 54 31
7 55 31
7 72 31
7 82 31
7 93 31
7 94 31
7 95 31
7 0 32
7 1 32
7 2 32
7 3 32
7 4 32
7 27 32
7 28 32
7 29 32
7 41 32
7 42 32
7 43 32
7 44 32
7 45 32
7 46 32
7 47 32
7 48 32
7 54 32
7 55 32
7 82 32
7 92 32
7 93 32
7 94 32
7 95 32
7 0 33
7 1 33
7 2 33
7 3 33
7 4 33
7 27 33
7 28 33
7 29 33
7 43 33
7 44 33
7 45 33
7 46 33
7 47 33
7 54 33
7 55 33
7 76 33
7 77 33
7 78 33
7 80 33
7 83 33
7 84 33
7 85 33
7 88 33
7 93 33
7 94 33
7 95 33
7 0 34
7 1 34
7 2 34
7 3 34
7 4 34
7 27 34
7 28 34
7 29 34
7 43 34
7 44 34
7 45 34
7 46 34
7 54 34
7 55 34
7 76 34
7 77 34
7 78 34
7 79 34
7 83 34
7 84 34
7 85 34
7 94 34
7 95 34
7 0 35
7 1 35
7 2 35
7 39 35
7 40 35
7 41 35
7 43 35
7 44 35
7 45 35
7 51 35
7 52 35
7 53 35
7 54 35
7 55 35
7 76 35
7 77 35
7 78 35
7 79 35
7 80 35
7 83 35
7 84 35
7 85 35
7 88 35
7 94 35
7 95 35
7 0 36
7 1 36
7 2 36
7 39 36
7 40 36
7 41 36
7 42 36
7 43 36
7 44 36
7 45 36
7 48 36
7 49 36
7 50 36
7 51 36
7 52 36
7 53 36
7 63 36
7 64 36
7 65 36
7 66 36
7 67 36
7 77 36
7 78 36
7 79 36
7 87 36
7 89 36
7 94 36
7 95 36
7 0 37
7 1 37
7 2 37
7 15 37
7 16 37
7 17 37
7 39 37
7 40 37
7 41 37
7 42 37
7 48 37
7 49 37
7 50 37
7 51 37
7 52 37
7 53 37
7 63 37
7 64 37
7 65 37
7 66 37
7 67 37
7 88 37
7 94 37
7 95 37
7 0 38
7 1 38
7 2 38
7 8 38
7 9 38
7 10 38
7 15 38
7 16 38
7 17 38
7 39 38
7 40 38
7 41 38
7 42 38
7 48 38
7 49 38
7 50 38
7 51 38
7 63 38
7 64 38
7 65 38
7 66 38
7 67 38
7 68 38
7 85 38
7 87 38
7 90 38
7 91 38
7 93 38
7 94 38
7 95 38
7 0 39
7 1 39
7 2 39
7 3 39
7 8 39
7 9 39
7 10 39
7 11 39
7 15 39
7 16 39
7 17 39
7 39 39
7 40 39
7 41 39
7 42 39
7 46 39
7 47 39
7 48 39
7 49 39
7 50 39
7 51 39
7 66 39
7 67 39
7 70 39
7 71 39
7 72 39
7 74 39
7 75 39
7 76 39
7 77 39
7 78 39
7 89 39
7 94 39
7 95 39
7 0 40
7 1 40
7 2 40
7 3 40
7 8 40
7 9 40
7 10 40
7 11 40
7 15 40
7 16 40
7 17 40
7 18 40
7 20 40
7 23 40
7 39 40
7 40 40
7 41 40
7 42 40
7 46 40
7 47 40
7 48 40
7 66 40
7 67 40
7 70 40
7 71 40
7 72 40
7 74 40
7 75 40
7 76 40
7 77 40
7 78 40
7 89 40
7 94 40
7 95 40
7 0 41
7 1 41
7 2 41
7 3 41
7 9 41
7 10 41
7 11 41
7 12 41
7 13 41
7 14 41
7 15 41
7 16 41
7 17 41
7 18 41
7 20 41
7 23 41
7 39 41
7 40 41
7 41 41
7 42 41
7 44 41
7 46 41
7 47 41
7 48 41
7 52 41
7 53 41
7 54 41
7 66 41
7 67 41
7 70 41
7 71 41
7 72 41
7 74 41
7 75 41
7 76 41
7 77 41
7 78 41
7 81 41
7 82 41
7 83 41
7 86 41
7 94 41
7 95 41
7 0 42
7 1 42
7 2 42
7 3 42
7 4 42
7 12 42
7 13 42
7 14 42
7 15 42
7 16 42
7 17 42
7 18 42
7 19 42
7 20 42
7 21 42
7 39 42
7 40 42
7 41 42
7 52 42
7 53 42
7 54 42
7 66 42
7 67 42
7 71 42
7 76 42
7 77 42
7 78 42
7 81 42
7 82 42
7 83 42
7 94 42
7 95 42
7 0 43
7 1 43
7 2 43
7 3 43
7 4 43
7 12 43
7 13 43
7 14 43
7 19 43
7 20 43
7 21 43
7 28 43
7 29 43
7 30 43
7 31 43
7 32 43
7 33 43
7 35 43
7 39 43
7 40 43
7 41 43
7 42 43
7 52 43
7 53 43
7 54 43
7 66 43
7 67 43
7 71 43
7 73 43
7 74 43
7 75 43
7 81 43
7 82 43
7 83 43
7 94 43
7 95 43
7 0 44
7 1 44
7 2 44
7 3 44
7 4 44
7 19 44
7 20 44
7 21 44
7 28 44
7 29 44
7 30 44
7 31 44
7 32 44
7 33 44
7 34 44
7 36 44
7 40 44
7 41 44
7 42 44
7 49 44
7 50 44
7 51 44
7 63 44
7 64 44
7 65 44
7 66 44
7 67 44
7 71 44
7 73 44
7 74 44
7 75 44
7 94 44
7 95 44
7 0 45
7 1 45
7 28 45
7 29 45
7 30 45
7 31 45
7 32 45
7 33 45
7 34 45
7 40 45
7 41 45
7 42 45
7 46 45
7 48 45
7 49 45
7 50 45
7 51 45
7 55 45
7 56 45
7 57 45
7 64 45
7 65 45
7 66 45
7 67 45
7 73 45
7 74 45
7 75 45
7 85 45
7 87 45
7 88 45
7 89 45
7 94 45
7 95 45
7 0 46
7 1 46
7 2 46
7 3 46
7 4 46
7 5 46
7 6 46
7 7 46
7 8 46
7 9 46
7 10 46
7 11 46
7 12 46
7 13 46
7 14 46
7 15 46
7 16 46
7 17 46
7 18 46
7 19 46
7 20 46
7 21 46
7 22 46
7 23 46
7 24 46
7 25 46
7 26 46
7 27 46
7 28 46
7 29 46
7 30 46
7 31 46
7 32 46
7 33 46
7 34 46
7 35 46
7 36 46
7 37 46
7 38 46
7 39 46
7 40 46
7 41 46
7 42 46
7 43 46
7 44 46
7 45 46
7 46 46
7 47 46
7 48 46
7 49 46
7 50 46
7 51 46
7 52 46
7 53 46
7 54 46
7 55 46
7 56 46
7 57 46
7 58 46
7 59 46
7 60 46
7 61 46
7 62 46
7 63 46
7 64 46
7 65 46
7 66 46
7 67 46
7 68 46
7 69 46
7 70 46
7 71 46
7 72 46
7 73 46
7 74 46
7 75 46
7 76 46
7 77 46
7 78 46
7 79 46
7 80 46
7 81 46
7 82 46
7 83 46
7 84 46
7 85 46
7 86 46
7 87 46
7 88 46
7 89 46
7 90 46
7 91 46
7 92 46
7 93 46
7 94 46
7 95 46
7 0 47
7 1 47
7 2 47
7 3 47
7 4 47
7 5 47
7 6 47
7 7 47
7 8 47
7 9 47
7 10 47
7 11 47
7 12 47
7 13 47
7 14 47
7 15 47
7 16 47
7 17 47
7 18 47
7 19 47
7 20 47
7 21 47
7 22 47
7 23 47
7 24 47
7 25 47
7 26 47
7 27 47
7 28 47
7 29 47
7 30 47
7 31 47
7 32 47
7 33 47
7 34 47
7 35 47
7 36 47
7 37 47
7 38 47
7 39 47
7 40 47
7 41 47
7 42 47
7 43 47
7 44 47
7 45 47
7 46 47
7 47 47
7 48 47
7 49 47
7 50 47
7 51 47
7 52 47
7 53 47
7 54 47
7 55 47
7 56 47
7 57 47
7 58 47
7 59 47
7 60 47
7 61 47
7 62 47
7 63 47
7 64 47
7 65 47
7 66 47
7 67 47
7 68 47
7 69 47
7 70 47
7 71 47
7 72 47
7 73 47
7 74 47
7 75 47
7 76 47
7 77 47
7 78 47
7 79 47
7 80 47
7 81 47
7 82 47
7 83 47
7 84 47
7 85 47
7 86 47
7 87 47
7 88 47
7 89 47
7 90 47
7 91 47
7 92 47
7 93 47
7 94 47
7 95 47
