387027 17321
387068 6134
387070 16838
387072 11281
387073 4417
387076 4894
387077 7250
387078 7000
387128 6770
387129 3061
387131 3005
387138 29221
387139 7844
387227 35319
387290 25263
387292 23026
387412 8585
387414 25874
387423 6955
387424 8414
387428 13126
387430 44020
387431 36168
387433 38142
387436 6409
387539 9073
387541 28745
387543 30097
387546 5856
387550 21003
387551 27922
387552 5436
387557 3853
387558 8545
387560 25846
387561 5582
387564 4548
387565 4198
387566 13216
387570 3671
387571 27909
387649 18629
387651 40790
387658 10773
387659 38880
387660 13050
387661 45301
387666 5241
387668 28309
387669 39311
387670 21737
387672 8542
387673 32646
387674 37071
387676 12338
387710 13615
387724 22539
387725 16460
387784 24555
387785 27843
387787 29896
387788 5604
387790 42630
387792 38646
387793 30524
387801 7438
387802 18981
387803 22824
387806 32623
387808 22626
387809 27987
387963 24628
387966 6143
387967 42467
387968 12806
387969 4314
388019 18103
388020 11656
388021 8473
388022 44060
388023 30244
388038 14260
388039 35921
388042 6976
388047 25423
388050 41831
388051 38433
388052 23619
388261 8499
388263 44685
388264 3187
388265 12479
388266 45655
388403 6153
388404 42394
388405 38371
388495 20141
388536 9294
388537 4022
388538 6967
388539 22554
388540 26812
388541 27490
388545 5815
388547 37939
388548 11990
388632 32641
388633 26569
388634 29243
388638 18645
388640 11675
388692 12003
388693 33045
388694 26716
388696 8699
388697 49723
388698 62564
388699 25263
388700 9447
388720 9220
388721 13823
388723 14793
388726 38419
388742 5402
388743 62845
388744 6772
388745 56409
388837 30883
388839 7517
388840 13576
388858 2904
388859 16822
388860 21669
388863 28208
388865 24702
388866 24031
389119 25221
389120 14569
389121 38608
389122 31768
389123 49826
389124 34608
389126 32014
389252 19073
389257 56714
389320 19116
389321 9109
389322 11964
389323 35702
389324 34840
389325 10914
389326 54147
389327 34654
389334 34145
389336 34442
389338 34225
389339 29807
389424 12836
389434 36037
389435 35905
389436 34430
389444 35084
389445 24551
389446 11278
389447 4333
389471 33335
389557 34507
389558 38816
389559 35251
389560 33640
389562 6219
389570 34375
389571 19801
389573 34456
389575 31590
389576 33630
389577 33754
389578 35675
389579 40867
389586 46276
389587 36890
389588 39828
389589 53187
389590 34655
389702 38182
389703 38553
389750 7672
389752 42655
389755 10162
389756 38125
389758 20129
389759 32580
389760 34221
389761 35854
389762 17713
389765 32613
389766 44579
389767 44148
389768 25331
389904 21635
389906 29836
389908 70348
389909 52540
390026 49190
390029 46098
390030 72219
390031 36421
390032 72702
390033 12842
390038 14289
390039 44539
390174 34225
390175 12396
390176 35658
390230 31238
390231 32516
390232 30437
390236 4725
390237 47191
390239 31592
390306 42615
390311 14729
390312 18539
390313 41533
390314 35187
390315 27623
390316 50508
390318 30339
390319 31290
390418 24252
390419 34157
390421 39430
390422 33206
390423 34061
390424 48034
390425 29309
390507 26495
390510 35135
390511 17489
390512 21276
390515 20223
390517 56297
390518 42732
390519 34194
390537 29637
390538 36745
390539 36659
390540 32549
390541 33172
390542 27407
390613 23069
390615 37940
390667 24577
390669 16990
390670 29476
390674 28484
390677 7751
390942 8867
390943 41685
390944 29211
390946 12878
390961 16541
390962 8363
390963 15545
390964 27084
390965 19958
390966 28019
391036 29495
391041 29785
391047 12319
391048 5050
391049 36900
391050 30306
391051 44570
391100 15247
391174 12292
391175 28106
391177 34210
391288 2477
391291 24999
391293 16930
391296 42718
391371 23616
391372 7151
391374 25507
391375 29997
391376 6532
391377 28065
391442 20700
391445 16696
391446 32621
391447 25943
391449 41916
391450 7646
391465 25138
391466 10143
391467 26423
391468 27926
391469 31283
391470 30397
391471 29092
391566 24924
391567 43372
391569 12294
391573 20559
391579 25479
391580 4791
391583 10820
391584 10584
391585 26751
391588 31278
391722 10788
391728 3267
391813 8576
391815 8097
391816 4933
391817 15519
391819 8464
391857 8373
391860 29423
391861 25528
391862 8793
391863 58724
391868 13992
391869 9458
391870 27355
391871 30139
391872 33726
391873 31980
391875 25568
391876 32117
391966 31188
391967 30167
391968 34882
391969 37982
391970 11434
391982 32922
391998 6808
392014 6241
392015 18867
392021 28778
392023 28838
392027 44979
392028 19574
392096 4065
392097 6967
392098 34836
392100 15522
392102 10745
392103 4273
392104 24035
392106 15261
392152 26362
392154 17010
392155 53580
392160 26516
392162 36215
392218 22243
392220 3005
392223 2711
392225 23605
392226 24399
392227 29962
392228 29482
392231 6105
392267 16959
392276 22711
392277 2748
392279 21545
392281 23031
392282 29225
392285 19939
392292 11518
392293 22588
392294 20646
392296 20586
392297 20458
392298 24165
392299 23338
392355 25114
392359 20335
392540 15734
392541 21467
392542 22421
392545 22163
392546 21391
392548 21206
392811 13801
392814 25748
392818 22691
392819 16624
392820 5969
392821 23401
392836 8132
392837 2629
392838 12645
392840 13042
392844 5720
392845 20961
392846 11944
392848 25225
392942 14436
392943 21623
392944 24008
392946 7261
392947 32042
393051 14838
393054 11411
393061 14067
393062 21465
393064 16809
393066 6327
393067 12090
393068 29753
393164 18459
393167 12774
393175 21099
393176 16686
393177 26610
393178 27913
393179 4898
393180 67206
393341 27904
393342 25780
393343 14981
393345 20800
393349 19926
393351 17358
393456 2307
393457 4685
393458 21434
393460 4475
393461 11872
393462 10508
393464 17679
393469 5808
393471 20840
393478 12348
393481 8584
393482 16883
393483 18587
393484 3669
393485 21002
393486 28050
393487 20298
393529 28210
393530 24030
393531 7569
393534 27519
393574 15562
393575 26784
393576 15973
393579 7528
393581 35483
393598 4375
393599 3846
393600 4776
393601 3365
393616 8036
393619 14423
393627 17016
393628 21695
393673 4915
393674 10683
393677 22080
393795 28418
393798 19876
393805 20100
393809 26385
393810 27536
393883 33670
393885 21431
393886 17129
393888 20448
393890 20571
393891 39406
393897 3078
393898 14897
393901 18980
393902 20630
393905 12931
394002 17152
394003 12987
394004 20727
394005 28689
394048 10024
394049 13988
394050 14778
394053 7886
394054 17081
394055 21143
394056 18176
394060 9033
394062 7354
394065 9364
394066 6177
394067 8863
394068 14777
394069 10200
394070 12682
394072 25143
394269 4103
394272 18758
394368 28414
394388 21780
394389 27078
394390 30027
394391 44313
394398 21655
394400 20304
394402 20382
394403 6088
394416 5936
394417 7093
394420 29970
394421 16469
394422 16664
394423 18643
394525 3392
394526 8621
394528 14605
394532 4998
394533 3973
394534 7042
394538 17328
394539 16435
394671 17391
394676 13624
394677 17176
394679 23135
394682 6370
394683 16858
394684 18122
394692 1633
394698 6113
394699 1705
394700 27144
394701 5551
394702 20171
394703 20618
394739 25025
394741 2786
394742 20240
394744 16679
394745 7702
394746 2482
394748 20778
394750 18990
394751 4536
394962 18284
394963 24406
394964 21220
394965 11083
394968 19080
394969 19722
394970 9801
394976 3866
394977 18139
394978 22619
394979 12414
394980 23915
394981 12163
394982 18630
395096 18798
395098 36795
395099 20757
395102 22534
395103 3857
395228 32241
395229 21424
395230 23512
395231 20905
395233 15891
395238 19469
395239 28317
395242 19628
395244 13529
395389 8644
395390 19367
395396 23087
395397 12885
395398 11138
395399 18214
395402 21283
395405 19425
395406 3039
395407 4392
395408 15563
395411 21224
395412 10722
395413 21057
395419 34003
395420 31867
395430 20236
395431 4413
395432 24917
395526 27353
395527 28704
395544 25386
395545 15589
395546 6462
395549 15748
395550 17665
395551 22216
395552 20569
395553 25615
395587 18797
395588 15110
395589 13679
395590 19399
395591 21423
395594 44981
395595 27328
395597 11404
395599 61899
395639 12431
395640 21172
395641 7257
395642 28215
395643 9704
395645 25316
395646 9994
395647 4517
395648 7143
395731 16271
395732 22064
395733 25475
395734 4342
395768 3461
395769 22843
395770 13812
395771 31124
395775 15259
395776 18673
395777 21297
395808 18354
395809 21603
395811 11756
395813 13532
395816 23636
395817 14489
395819 4157
395884 26996
395899 4980
395901 5757
395907 26399
395908 29205
395940 15830
395941 1911
396049 15780
396050 17885
396051 5875
396054 22174
396056 9704
396058 20685
396064 4494
396065 12267
396066 20886
396067 5680
396069 6129
396070 21824
396072 5271
396073 27427
396075 17311
396268 31678
396269 1615
396274 23988
396276 21210
396277 23565
396279 26487
396280 26450
396363 23810
396366 50532
396412 24231
396413 3360
396414 15626
396415 19765
396417 20399
396418 26744
396433 35365
396434 11107
396435 20333
396437 20267
396438 33425
396439 26315
396440 41370
396544 25232
396545 19290
396546 14107
396547 17780
396549 26618
396552 23109
396554 17045
396560 40099
396561 26550
396563 9451
396612 21279
396614 18756
396615 23675
396616 18753
396617 27042
396618 42987
396619 11775
396627 10410
396628 17877
396629 13950
396630 27522
396631 21627
396633 12109
396634 29571
396635 31871
396636 47826
396677 30990
396678 18256
396680 18486
396681 19201
396682 17777
396683 40783
396684 26024
396760 5059
396761 22716
396762 14274
396764 4269
396765 7512
396766 17382
396767 26293
396768 25135
396785 25967
396790 18231
396799 17443
396802 27469
396803 34780
396887 25260
396888 19847
396889 28004
396890 21394
396910 23916
396911 18842
396914 17718
396915 26541
396916 3315
396918 5837
396919 13704
396921 25608
396993 20889
396994 13341
396995 20883
396997 18014
396998 17581
396999 17173
397000 26751
397049 15872
397062 2743
397065 3419
397066 23394
397067 18641
397068 17381
397069 26716
397070 20298
397176 23376
397177 3442
397178 22810
397181 13777
397290 16668
397291 23490
397293 19036
397294 14660
397295 10649
397296 42069
397297 13982
397313 24315
397315 18336
397316 26647
397317 15449
397318 24718
397319 17202
397320 21256
397322 11880
397401 17970
397402 16008
397403 27302
397404 19844
397407 36785
397431 20435
397432 19108
397433 18882
397434 17484
397436 23319
397437 26653
397438 20907
397440 6114
397511 8758
397512 6984
397513 19811
397515 17945
397516 4877
397517 14538
397519 27085
397520 20875
397524 23876
397525 17779
397526 27657
397527 26711
397531 23990
397532 32910
397533 7657
397534 34264
397577 3219
397580 2248
397581 29516
397582 4499
397585 10301
397587 22244
397588 28278
397589 30520
397590 21572
397692 23959
397694 2427
397700 22932
397702 6911
397705 9807
397706 25194
397708 20713
397710 31285
397711 37827
397712 54600
397714 31818
397715 32704
397735 26899
397737 14633
397738 20484
397864 25949
397866 9382
397867 25145
397929 2825
397933 6858
397934 16248
397935 3889
397938 5516
397989 10065
397990 12042
398007 13196
398009 13556
398010 20510
398012 14937
398013 25230
398014 31353
398018 17040
398019 28487
398020 28412
398026 29339
398028 59462
398029 32017
398030 59999
398031 49202
398119 17519
398120 26747
398122 26368
398123 34372
398124 35926
398125 28401
398129 1544
398130 5753
398131 6933
398133 29782
398134 2862
398137 17114
398138 18299
398142 24508
398144 26404
398145 15461
398146 17505
398147 17973
398148 20263
398149 34674
