386773 1.033 1.040 1.047 1.047 1.034 0.999 0.993 0.997
386775 1.024 1.033 1.043 1.043 1.025 0.995 1.007 1.004
386776 1.031 1.029 1.044 1.043 1.028 0.994 0.993 0.993
386777 1.034 1.036 1.042 1.049 1.029 0.997 1.001 0.989
386825 1.022 1.030 1.038 1.041 1.022 0.993 0.982 0.986
386826 1.022 1.020 1.033 1.037 1.016 0.988 0.994 0.988
386827 1.019 1.021 1.040 1.033 1.020 0.990 1.012 1.008
386828 1.031 1.028 1.041 1.040 1.027 0.994 0.988 1.000
386829 1.028 1.027 1.038 1.043 1.026 0.992 0.991 0.984
386830 1.026 1.024 1.044 1.041 1.023 0.993 0.989 1.001
386831 1.030 1.025 1.040 1.044 1.000 1.000 1.000 1.000
386833 1.026 1.025 1.037 1.039 1.023 0.991 0.996 0.994
386838 1.028 1.028 1.039 1.041 1.024 0.990 0.995 0.992
386839 1.031 1.029 1.041 1.045 1.027 0.994 0.999 0.995
386841 1.031 1.029 1.039 1.042 1.024 0.990 0.992 1.002
386843 1.028 1.029 1.039 1.044 1.023 0.992 0.988 0.994
386844 1.030 1.028 1.040 1.043 1.024 0.991 0.998 0.991
386881 1.029 1.026 1.034 1.039 1.022 0.990 0.996 0.993
386882 1.031 1.029 1.039 1.043 1.024 0.990 0.999 0.997
386883 1.030 1.030 1.037 1.044 1.025 0.994 0.990 0.996
386884 1.025 1.025 1.036 1.041 1.020 0.987 0.993 0.989
386941 1.029 1.025 1.038 1.036 1.018 0.987 0.995 0.997
386942 1.029 1.024 1.032 1.038 1.018 0.987 0.994 0.991
386943 1.029 1.030 1.039 1.044 1.015 0.993 1.000 1.013
386946 1.032 1.030 1.042 1.042 1.020 0.991 0.986 0.992
386947 1.029 1.030 1.042 1.041 1.022 0.988 0.992 0.994
386948 1.029 1.031 1.040 1.046 1.024 0.990 1.001 0.979
386950 1.028 1.027 1.034 1.041 1.019 0.989 0.991 0.998
386951 1.028 1.026 1.035 1.039 1.019 0.989 0.993 0.997
386952 1.027 1.028 1.037 1.041 1.019 0.990 0.996 1.001
386954 1.032 1.028 1.037 1.041 1.023 0.988 0.988 0.999
387027 1.030 1.028 1.037 1.037 1.020 0.984 0.988 0.985
387068 1.024 1.021 1.034 1.034 1.020 0.982 0.998 0.986
387070 1.025 1.028 1.033 1.042 1.015 0.985 1.000 0.997
387072 1.027 1.029 1.038 1.039 1.016 0.983 1.009 0.998
387073 1.026 1.027 1.042 1.041 1.024 0.990 0.969 1.010
387076 1.034 1.032 1.044 1.048 1.020 0.984 0.998 1.004
387077 1.028 1.023 1.037 1.038 1.023 0.991 0.997 0.995
387078 1.024 1.023 1.034 1.038 1.017 0.983 0.982 0.993
387081 1.000 1.000 1.000 1.000 1.000 0.990 1.000 1.000
387082 1.000 1.000 1.000 1.000 1.000 1.000 1.000 1.000
387083 1.000 1.000 1.000 1.000 1.000 1.000 1.000 1.000
387086 1.016 1.020 1.029 1.000 1.021 0.988 1.000 1.000
387128 1.029 1.030 1.040 1.038 1.018 0.989 0.990 1.006
387129 1.025 1.026 1.035 1.047 1.027 0.983 0.981 1.000
387131 1.021 1.028 1.033 1.037 1.015 0.984 0.992 1.000
387138 1.026 1.029 1.034 1.040 1.019 0.985 0.994 1.000
387139 1.022 1.025 1.041 1.043 1.016 0.991 1.002 0.995
387227 1.025 1.028 1.036 1.040 1.017 0.986 0.992 0.997
387247 1.035 1.038 1.042 1.045 1.031 0.996 1.000 0.987
387250 1.031 1.033 1.037 1.044 1.029 0.992 0.994 0.989
387290 1.021 1.027 1.031 1.034 1.014 0.984 0.992 0.991
387292 1.024 1.029 1.037 1.042 1.022 0.992 0.993 0.991
387412 1.032 1.032 1.038 1.038 1.022 0.990 0.988 0.985
387414 1.024 1.028 1.037 1.041 1.023 0.991 0.991 0.987
387423 1.026 1.025 1.040 1.039 1.017 0.988 0.970 0.979
387424 1.030 1.025 1.033 1.046 1.021 0.990 0.989 1.005
387428 1.022 1.020 1.033 1.037 1.020 0.988 0.997 0.987
387430 1.028 1.029 1.035 1.039 1.022 0.988 0.992 0.991
387431 1.026 1.033 1.034 1.040 1.020 0.991 0.997 0.985
387433 1.027 1.031 1.038 1.036 1.021 0.989 0.997 0.993
387436 1.025 1.023 1.034 1.041 1.020 0.995 0.986 1.018
387539 1.017 1.020 1.034 1.037 1.015 0.987 0.999 0.990
387541 1.023 1.022 1.036 1.041 1.017 0.985 0.997 0.994
387543 1.022 1.025 1.033 1.038 1.015 0.982 0.993 0.997
387546 1.024 1.022 1.041 1.041 1.018 0.984 0.990 0.996
387550 1.028 1.027 1.036 1.039 1.015 0.984 0.990 0.991
387551 1.028 1.031 1.040 1.042 1.022 0.985 0.995 0.999
387552 1.029 1.024 1.036 1.045 1.021 0.998 1.007 0.981
387557 1.016 1.026 1.031 1.035 1.013 0.979 0.998 0.996
387558 1.027 1.024 1.039 1.041 1.013 0.987 0.982 0.977
387560 1.020 1.023 1.036 1.036 1.015 0.981 0.994 0.984
387561 1.019 1.020 1.036 1.037 1.017 0.989 0.982 1.000
387564 1.017 1.021 1.037 1.026 1.016 0.980 0.998 0.969
387565 1.018 1.024 1.035 1.045 1.024 0.982 0.995 0.987
387566 1.024 1.025 1.036 1.038 1.016 0.981 0.999 0.994
387570 1.022 1.035 1.037 1.044 1.018 0.980 0.995 0.976
387571 1.025 1.027 1.036 1.039 1.018 0.985 0.993 0.999
387649 1.024 1.021 1.036 1.035 1.014 0.980 1.000 0.987
387651 1.024 1.022 1.035 1.037 1.014 0.980 0.989 0.995
387658 1.026 1.022 1.033 1.041 1.014 0.985 0.989 0.974
387659 1.025 1.024 1.032 1.036 1.016 0.983 0.996 0.993
387660 1.025 1.025 1.033 1.039 1.014 0.982 0.993 0.998
387661 1.027 1.027 1.037 1.042 1.018 0.984 0.999 0.994
387666 1.024 1.022 1.032 1.038 1.019 0.981 0.994 0.976
387668 1.025 1.031 1.034 1.040 1.020 0.986 0.994 0.995
387669 1.026 1.027 1.034 1.041 1.016 0.985 0.999 0.989
387670 1.024 1.027 1.033 1.037 1.017 0.983 0.998 0.989
387672 1.031 1.028 1.039 1.043 1.017 0.981 0.992 0.994
387673 1.023 1.028 1.035 1.038 1.016 0.986 0.994 1.001
387674 1.026 1.025 1.031 1.039 1.014 0.983 0.995 0.993
387676 1.025 1.025 1.033 1.036 1.016 0.982 0.996 0.985
387710 1.023 1.023 1.032 1.034 1.017 0.981 0.990 0.983
387713 1.000 1.000 1.000 1.000 1.000 1.000 1.000 1.000
387719 1.000 1.000 1.000 1.000 1.000 1.000 1.000 1.000
387721 1.000 1.000 1.000 1.000 1.000 1.000 1.000 1.000
387724 1.027 1.026 1.035 1.038 1.017 0.987 0.990 0.992
387725 1.024 1.031 1.034 1.041 1.017 0.984 0.990 0.988
387784 1.022 1.024 1.031 1.032 1.014 0.980 1.000 0.994
387785 1.026 1.030 1.034 1.039 1.022 0.985 0.993 0.998
387787 1.026 1.029 1.035 1.040 1.021 0.986 0.991 0.991
387788 1.021 1.040 1.038 1.042 1.019 0.989 0.996 0.985
387790 1.027 1.032 1.035 1.039 1.018 0.984 0.991 0.995
387792 1.020 1.026 1.033 1.037 1.018 0.981 0.991 1.005
387793 1.021 1.028 1.027 1.037 1.019 0.981 0.992 0.987
387801 1.024 1.027 1.035 1.043 1.020 0.983 0.985 0.992
387802 1.020 1.023 1.030 1.036 1.014 0.979 0.996 0.992
387803 1.023 1.024 1.033 1.040 1.015 0.978 0.991 1.000
387806 1.025 1.026 1.032 1.037 1.015 0.981 0.989 0.993
387808 1.023 1.028 1.034 1.043 1.019 0.982 0.994 0.993
387809 1.021 1.026 1.035 1.035 1.012 0.980 0.989 0.988
387963 1.022 1.015 1.026 1.033 1.012 0.975 0.986 0.996
387966 1.023 1.020 1.030 1.038 1.014 0.977 1.010 0.986
387967 1.023 1.021 1.032 1.034 1.013 0.978 0.994 1.003
387968 1.024 1.023 1.031 1.042 1.014 0.978 0.996 0.988
387969 1.026 1.023 1.025 1.040 1.013 0.977 0.996 0.993
388004 1.011 1.014 1.040 1.034 1.008 0.982 0.977 1.000
388019 1.019 1.019 1.027 1.036 1.011 0.975 1.001 1.001
388020 1.024 1.018 1.033 1.036 1.016 0.981 1.000 1.008
388021 1.020 1.020 1.030 1.031 1.011 0.972 0.991 1.009
388022 1.019 1.016 1.029 1.034 1.012 0.975 0.993 0.990
388023 1.024 1.021 1.029 1.037 1.011 0.979 0.993 0.994
388038 1.023 1.022 1.030 1.036 1.015 0.976 0.991 1.002
388039 1.020 1.022 1.031 1.035 1.012 0.976 0.989 0.990
388042 1.021 1.020 1.033 1.035 1.012 0.981 0.990 1.002
388047 1.019 1.025 1.029 1.036 1.015 0.976 0.994 1.005
388050 1.023 1.026 1.031 1.036 1.013 0.977 0.990 0.988
388051 1.020 1.024 1.032 1.034 1.014 0.978 0.995 0.993
388052 1.019 1.022 1.032 1.034 1.015 0.978 0.999 1.002
388261 1.019 1.023 1.023 1.037 1.016 0.976 0.990 0.977
388263 1.018 1.023 1.029 1.033 1.009 0.974 0.989 0.993
388264 1.012 1.025 1.031 1.034 1.013 0.982 0.990 1.013
388265 1.018 1.025 1.029 1.040 1.015 0.976 0.995 0.993
388266 1.020 1.025 1.033 1.039 1.016 0.977 0.992 0.994
388403 1.016 1.026 1.030 1.031 1.014 0.980 1.012 1.011
388404 1.021 1.023 1.032 1.038 1.016 0.978 0.990 0.987
388405 1.022 1.023 1.030 1.036 1.015 0.978 0.991 0.991
388495 1.016 1.021 1.029 1.033 1.014 0.975 0.997 1.001
388536 1.009 1.018 1.027 1.035 1.011 0.972 0.994 0.983
388537 1.018 1.030 1.027 1.034 1.011 0.973 0.998 0.992
388538 1.020 1.023 1.028 1.032 1.011 0.967 0.994 1.001
388539 1.019 1.026 1.030 1.036 1.013 0.973 0.992 0.992
388540 1.019 1.021 1.032 1.032 1.013 0.976 0.993 0.988
388541 1.015 1.021 1.025 1.032 1.010 0.969 0.982 0.992
388545 1.015 1.022 1.030 1.036 1.014 0.971 1.001 0.973
388547 1.016 1.021 1.030 1.035 1.012 0.972 0.998 0.997
388548 1.017 1.023 1.029 1.034 1.016 0.969 0.990 0.981
388632 1.013 1.016 1.024 1.031 1.008 0.973 0.989 0.991
388633 1.020 1.018 1.025 1.031 1.010 0.974 0.992 0.990
388634 1.015 1.018 1.027 1.029 1.010 0.975 0.988 0.994
388638 1.010 1.018 1.023 1.027 1.003 0.975 0.982 0.996
388640 1.010 1.016 1.017 1.033 1.008 0.972 0.994 0.985
388690 1.000 1.000 1.000 1.000 1.000 1.000 1.000 1.000
388692 1.012 1.011 1.025 1.031 1.006 0.970 0.985 0.986
388693 1.014 1.017 1.021 1.027 1.006 0.966 0.988 0.991
388694 1.016 1.017 1.024 1.029 1.010 0.973 0.985 0.987
388696 1.018 1.018 1.035 1.036 1.011 0.972 0.995 0.988
388697 1.013 1.016 1.023 1.027 1.009 0.970 0.989 0.991
388698 1.015 1.019 1.027 1.031 1.010 0.972 0.989 0.994
388699 1.012 1.015 1.028 1.034 1.012 0.971 0.992 0.994
388700 1.016 1.019 1.023 1.033 1.013 0.975 0.978 0.987
388720 1.023 1.023 1.026 1.037 1.013 0.975 0.988 1.000
388721 1.013 1.017 1.023 1.034 1.011 0.970 0.990 0.988
388723 1.011 1.014 1.023 1.030 1.007 0.967 0.987 0.992
388724 1.014 1.018 1.022 1.032 1.012 0.972 0.979 0.988
388726 1.016 1.020 1.028 1.031 1.008 0.969 0.992 0.992
388742 1.009 1.012 1.028 1.027 1.001 0.971 0.983 0.988
388743 1.014 1.017 1.026 1.030 1.006 0.971 0.991 0.990
388744 1.013 1.021 1.022 1.026 0.996 0.968 0.998 0.985
388745 1.017 1.018 1.025 1.031 1.006 0.970 0.988 0.993
388837 1.013 1.013 1.024 1.029 1.005 0.966 0.985 0.986
388838 1.014 1.018 1.027 1.031 1.001 0.971 0.994 0.990
388839 1.015 1.013 1.027 1.032 1.007 0.965 0.997 1.000
388840 1.018 1.017 1.031 1.033 1.013 0.975 0.997 0.983
388858 1.014 1.014 1.009 1.023 1.002 0.967 0.980 0.975
388859 1.011 1.009 1.024 1.023 1.004 0.965 0.985 0.991
388860 1.014 1.014 1.026 1.029 1.004 0.966 0.992 0.982
388862 1.010 1.012 1.021 1.026 1.002 0.966 0.995 0.992
388863 1.011 1.013 1.023 1.025 1.003 0.967 0.988 0.991
388864 1.012 1.018 1.025 1.030 1.006 0.970 0.996 0.982
388865 1.010 1.013 1.023 1.027 1.004 0.967 0.988 0.993
388866 1.010 1.009 1.019 1.024 1.001 0.964 0.991 0.992
388978 1.008 1.010 1.021 1.030 1.000 0.975 0.989 0.990
388980 1.012 1.016 1.026 1.035 1.000 0.982 0.992 0.985
388981 1.016 1.021 1.024 1.040 1.000 0.975 0.986 1.006
388984 1.020 1.021 1.029 1.039 1.000 0.983 0.995 0.992
388985 1.018 1.021 1.031 1.038 1.000 0.982 0.996 0.993
388986 1.018 1.022 1.030 1.037 1.000 0.979 0.993 0.990
389119 1.011 1.017 1.024 1.028 1.005 0.966 0.991 0.989
389120 1.014 1.014 1.019 1.028 1.006 0.968 0.996 0.992
389121 1.011 1.014 1.021 1.027 1.003 0.964 0.995 0.996
389122 1.011 1.013 1.021 1.025 1.006 0.965 0.987 0.992
389123 1.012 1.013 1.018 1.024 1.003 0.963 0.993 0.983
389124 1.010 1.014 1.020 1.026 1.003 0.967 0.994 0.993
389126 1.013 1.015 1.018 1.026 1.005 0.970 0.987 0.992
389252 1.009 1.014 1.017 1.026 1.003 0.960 0.990 0.989
389257 1.009 1.012 1.017 1.024 1.002 0.963 0.994 0.992
389320 1.009 1.016 1.019 1.025 1.008 0.973 0.991 0.988
389321 1.009 1.016 1.025 1.027 1.007 0.970 0.997 0.985
389322 1.008 1.011 1.020 1.019 1.003 0.964 0.997 0.993
389323 1.011 1.014 1.016 1.026 1.006 0.968 0.990 0.991
389324 1.009 1.012 1.019 1.022 1.004 0.966 0.994 0.991
389325 1.009 1.014 1.017 1.031 1.007 0.964 0.994 0.984
389326 1.011 1.015 1.020 1.024 1.005 0.969 0.994 0.987
389327 1.009 1.012 1.019 1.023 1.005 0.967 0.990 0.993
389334 1.011 1.013 1.018 1.025 1.005 0.968 0.992 0.989
389335 1.010 1.012 1.013 1.023 1.006 0.965 0.990 0.986
389336 1.006 1.009 1.017 1.022 1.002 0.965 0.988 0.989
389338 1.006 1.009 1.013 1.020 0.999 0.964 0.990 0.987
389339 1.007 1.010 1.015 1.021 1.003 0.966 0.992 0.984
389424 1.006 1.011 1.016 1.021 1.003 0.968 0.996 0.977
389434 1.007 1.011 1.016 1.022 1.003 0.965 0.992 0.988
389435 1.008 1.011 1.017 1.023 1.003 0.967 0.992 0.991
389436 1.012 1.013 1.017 1.024 1.002 0.967 0.993 0.991
389444 1.003 1.005 1.012 1.020 0.998 0.962 0.987 0.994
389445 1.006 1.009 1.017 1.020 1.001 0.967 0.987 0.988
389446 1.009 1.006 1.016 1.021 0.998 0.964 0.993 1.005
389447 1.009 1.007 1.007 1.016 1.002 0.963 1.003 0.997
389471 1.019 1.016 1.021 1.024 1.012 0.990 0.992 0.994
389557 1.015 1.011 1.020 1.022 1.011 0.986 0.991 0.986
389558 1.014 1.012 1.017 1.021 1.012 0.986 0.990 0.992
389559 1.015 1.013 1.018 1.023 1.011 0.986 0.985 0.988
389560 1.016 1.011 1.014 1.021 1.011 0.986 0.989 0.988
389562 1.019 1.021 1.023 1.022 1.018 0.993 0.979 1.001
389570 1.017 1.014 1.019 1.024 1.015 0.996 0.993 0.990
389571 1.019 1.014 1.018 1.027 1.018 0.996 0.984 0.995
389573 1.018 1.018 1.022 1.025 1.015 0.997 0.991 0.993
389575 1.023 1.017 1.025 1.029 1.021 0.998 0.996 0.991
389576 1.018 1.014 1.018 1.022 1.014 0.995 0.993 0.990
389577 1.019 1.017 1.020 1.025 1.017 0.995 0.992 0.988
389578 1.018 1.016 1.020 1.024 1.015 0.996 0.992 0.996
389579 1.016 1.012 1.017 1.022 1.014 0.996 0.990 0.989
389586 1.018 1.019 1.024 1.029 1.018 0.999 0.989 0.996
389587 1.022 1.021 1.022 1.027 1.019 1.002 0.990 0.991
389588 1.019 1.020 1.020 1.027 1.020 1.000 0.992 0.990
389589 1.018 1.021 1.022 1.028 1.021 0.999 0.992 0.993
389590 1.019 1.023 1.020 1.028 1.021 1.001 0.993 0.989
389702 1.020 1.022 1.021 1.028 1.019 1.000 0.987 0.988
389703 1.022 1.025 1.022 1.027 1.021 0.999 0.994 0.990
389750 1.013 1.014 1.024 1.023 1.015 0.997 0.981 0.987
389752 1.020 1.022 1.019 1.026 1.019 0.997 0.994 0.993
389755 1.024 1.028 1.024 1.028 1.025 1.001 1.000 0.987
389756 1.023 1.026 1.021 1.027 1.020 0.998 0.993 0.993
389758 1.024 1.026 1.026 1.033 1.022 0.999 0.994 0.994
389759 1.023 1.023 1.021 1.026 1.022 0.998 0.995 0.987
389760 1.025 1.027 1.023 1.032 1.024 1.000 0.989 0.987
389761 1.020 1.022 1.022 1.025 1.018 0.998 0.992 0.990
389762 1.016 1.021 1.022 1.030 1.018 0.993 0.991 0.989
389765 1.020 1.021 1.020 1.027 1.019 0.996 0.994 0.994
389766 1.020 1.021 1.022 1.026 1.020 0.999 0.988 0.988
389767 1.022 1.024 1.023 1.029 1.022 0.999 0.989 0.990
389768 1.021 1.025 1.022 1.027 1.021 0.998 0.991 0.999
389904 1.024 1.028 1.024 1.030 1.026 1.005 0.991 0.994
389906 1.018 1.024 1.019 1.024 1.021 1.002 0.998 0.996
389907 1.024 1.028 1.025 1.029 1.026 1.004 0.994 0.990
389908 1.025 1.031 1.026 1.029 1.027 1.006 0.996 0.992
389909 1.021 1.030 1.025 1.028 1.025 1.007 0.997 0.995
390026 1.019 1.021 1.021 1.025 1.018 0.996 0.993 0.990
390029 1.017 1.019 1.020 1.023 1.017 0.994 0.989 0.993
390030 1.021 1.022 1.023 1.026 1.018 0.995 0.993 0.990
390031 1.022 1.024 1.023 1.026 1.018 0.993 0.989 0.994
390032 1.018 1.020 1.022 1.026 1.017 0.995 0.989 0.991
390033 1.020 1.026 1.016 1.023 1.017 0.996 0.988 0.987
390038 1.021 1.023 1.023 1.025 1.016 0.997 0.991 0.993
390039 1.017 1.018 1.017 1.023 1.016 0.992 0.990 0.995
390174 1.020 1.025 1.024 1.028 1.021 0.996 0.993 0.992
390175 1.012 1.023 1.016 1.022 1.012 0.990 0.997 0.995
390176 1.017 1.018 1.019 1.021 1.018 0.996 1.002 0.994
390230 1.017 1.018 1.019 1.020 1.019 0.996 0.988 0.995
390231 1.018 1.026 1.021 1.025 1.020 0.998 0.989 0.993
390232 1.018 1.026 1.022 1.028 1.022 0.997 0.990 0.989
390234 0.972 1.023 1.021 1.026 1.023 1.000 0.997 0.999
390236 1.018 1.030 1.027 1.029 1.021 0.998 1.002 0.976
390237 1.016 1.025 1.024 1.029 1.021 0.996 0.989 1.001
390239 1.015 1.023 1.019 1.024 1.019 0.993 0.988 0.997
390306 1.013 1.019 1.020 1.026 1.020 0.992 0.997 0.984
390311 1.014 1.016 1.021 1.022 1.017 0.987 0.995 0.993
390312 1.015 1.019 1.019 1.023 1.016 0.992 0.988 0.985
390313 1.014 1.021 1.022 1.027 1.016 0.988 0.988 0.984
390314 1.008 1.015 1.017 1.022 1.011 0.986 0.988 0.987
390315 1.014 1.017 1.018 1.022 1.016 0.989 0.987 0.990
390316 1.015 1.020 1.018 1.023 1.015 0.987 0.990 0.992
390318 1.011 1.016 1.016 1.020 1.011 0.986 0.988 0.988
390319 1.013 1.010 1.017 1.018 1.011 0.983 0.987 0.990
390418 1.013 1.014 1.018 1.018 1.013 0.988 0.995 0.993
390419 1.009 1.011 1.017 1.018 1.012 0.983 0.988 0.996
390421 1.012 1.011 1.016 1.020 1.012 0.985 0.988 0.989
390422 1.013 1.012 1.015 1.018 1.013 0.983 0.991 0.993
390423 1.012 1.014 1.014 1.019 1.011 0.983 0.994 0.995
390424 1.013 1.015 1.017 1.020 1.013 0.986 0.999 0.999
390425 1.012 1.014 1.014 1.021 1.012 0.983 0.990 0.991
390507 1.009 1.009 1.016 1.024 1.011 0.988 0.987 0.990
390510 1.012 1.012 1.015 1.021 1.012 0.986 0.991 0.992
390511 1.013 1.014 1.016 1.025 1.013 0.989 0.989 0.991
390512 1.011 1.014 1.018 1.021 1.013 0.987 0.991 0.987
390515 1.017 1.015 1.019 1.025 1.014 0.988 0.995 0.999
390517 1.016 1.014 1.018 1.023 1.014 0.988 0.993 0.991
390518 1.009 1.009 1.012 1.018 1.009 0.984 0.994 0.993
390519 1.012 1.015 1.017 1.021 1.014 0.987 0.989 0.991
390537 1.007 1.008 1.012 1.018 1.010 0.983 0.989 0.990
390538 1.011 1.011 1.016 1.020 1.011 0.984 0.987 0.992
390539 1.012 1.016 1.019 1.020 1.013 0.985 0.994 0.993
390540 1.010 1.012 1.015 1.017 1.010 0.983 0.995 0.993
390541 1.013 1.014 1.016 1.023 1.014 0.986 0.990 0.983
390542 1.011 1.015 1.019 1.024 1.012 0.985 0.989 0.997
390613 1.008 1.001 1.010 1.016 1.005 0.977 0.978 0.992
390615 1.002 1.004 1.008 1.017 1.003 0.979 0.986 0.985
390653 1.005 1.011 1.016 1.015 1.006 0.982 0.986 0.996
390667 1.009 1.013 1.018 1.023 1.010 0.985 0.994 0.997
390669 1.008 1.008 1.015 1.020 1.009 0.984 0.982 0.980
390670 1.008 1.010 1.016 1.023 1.014 0.985 0.989 0.985
390674 1.009 1.016 1.017 1.023 1.010 0.985 0.994 0.991
390677 1.005 1.011 1.020 1.025 1.007 0.984 0.991 0.986
390942 1.010 1.005 1.014 1.023 1.009 0.975 0.978 1.009
390943 1.005 1.009 1.013 1.018 1.008 0.980 0.989 0.992
390944 1.009 1.015 1.018 1.023 1.013 0.986 0.993 0.989
390946 1.008 1.010 1.012 1.013 1.010 0.982 0.993 0.992
390952 1.012 1.010 1.026 1.016 0.995 1.000 1.000 1.000
390954 1.005 1.012 1.006 1.019 1.015 0.982 0.996 0.998
390955 1.004 0.989 1.012 1.008 1.016 0.976 1.000 1.000
390958 1.000 1.000 1.000 1.000 1.000 1.000 1.000 1.000
390959 1.014 1.000 1.000 1.000 1.000 1.000 1.000 1.000
390961 1.009 1.008 1.009 1.019 1.011 0.981 0.986 1.001
390962 1.007 1.015 1.016 1.016 1.010 0.985 0.997 0.988
390963 1.007 1.008 1.013 1.017 1.011 0.983 0.990 0.997
390964 1.007 1.016 1.014 1.022 1.010 0.987 0.992 0.987
390965 1.003 1.006 1.006 1.015 1.003 0.981 0.996 0.982
390966 1.003 1.011 1.013 1.019 1.008 0.983 0.990 0.990
391036 1.002 1.007 1.005 1.013 1.004 0.978 0.995 0.994
391041 1.012 1.016 1.019 1.023 1.012 0.985 0.992 0.992
391047 1.008 1.011 1.015 1.016 1.012 0.982 0.990 0.992
391048 1.007 1.012 1.006 1.014 1.007 0.980 0.995 0.986
391049 1.004 1.009 1.010 1.017 1.007 0.981 0.990 0.992
391050 1.007 1.009 1.013 1.019 1.008 0.983 0.995 0.989
391051 1.004 1.010 1.011 1.016 1.006 0.981 0.994 0.996
391100 1.007 1.011 1.016 1.017 1.010 0.989 0.995 0.993
391167 1.005 1.018 1.011 1.026 1.013 0.982 1.011 0.982
391169 1.010 1.011 1.014 1.018 1.013 0.985 0.995 0.991
391170 1.011 1.008 1.013 1.018 1.010 0.983 0.990 0.993
391173 1.009 1.010 1.015 1.018 1.012 0.985 0.993 1.003
391174 1.012 1.014 1.010 1.019 1.009 0.983 0.991 0.987
391175 1.006 1.011 1.014 1.019 1.010 0.983 0.991 0.996
391177 1.002 1.009 1.009 1.014 1.006 0.980 0.993 0.992
391288 1.008 1.010 1.006 1.001 0.997 0.987 1.031 0.969
391291 1.002 1.011 1.012 1.015 1.006 0.981 0.987 0.984
391293 1.006 1.012 1.016 1.021 1.010 0.987 0.989 0.984
391296 0.999 1.003 1.005 1.012 1.003 0.978 0.993 0.999
391371 1.003 1.008 1.008 1.016 1.005 0.981 0.990 0.999
391372 0.999 1.005 1.007 1.021 1.005 0.983 1.010 0.981
391374 1.001 1.006 1.006 1.014 1.006 0.982 0.991 0.988
391375 1.002 1.010 1.008 1.015 1.009 0.985 0.996 0.996
391376 1.005 1.010 1.011 1.013 1.003 0.982 1.003 0.987
391377 1.003 1.011 1.011 1.021 1.008 0.982 0.993 1.001
391442 1.006 1.011 1.013 1.019 1.010 0.984 0.992 0.996
391445 1.008 1.018 1.011 1.022 1.012 0.985 1.002 0.995
391446 1.011 1.016 1.015 1.020 1.013 0.988 0.999 0.997
391447 1.008 1.013 1.013 1.020 1.013 0.986 0.994 0.998
391449 1.005 1.013 1.010 1.020 1.009 0.985 0.998 0.987
391450 1.003 1.004 1.010 1.016 1.008 0.981 0.990 0.983
391465 1.006 1.005 1.006 1.010 1.007 0.983 0.996 0.996
391466 1.003 1.014 1.010 1.019 1.011 0.979 0.992 0.997
391467 1.004 1.011 1.007 1.014 1.008 0.981 0.993 0.996
391468 1.000 1.007 1.003 1.012 1.003 0.978 0.993 0.992
391469 0.999 1.004 1.003 1.012 1.005 0.979 0.989 0.991
391470 1.003 1.005 1.007 1.014 1.003 0.979 0.993 0.991
391471 1.002 1.013 1.011 1.018 1.010 0.984 0.993 0.993
391566 1.001 1.009 1.005 1.012 1.005 0.979 0.989 0.996
391567 1.007 1.011 1.011 1.018 1.008 0.987 0.995 0.991
391569 1.009 1.014 1.017 1.025 1.014 0.986 0.988 0.992
391573 1.002 1.005 1.008 1.012 1.003 0.977 0.990 0.989
391579 1.003 1.005 1.007 1.014 1.004 0.982 0.994 0.993
391580 1.006 1.007 1.007 1.021 1.002 0.980 0.992 0.992
391583 1.003 1.009 1.007 1.010 1.008 0.981 0.986 0.987
391584 1.003 1.011 1.013 1.020 1.007 0.982 0.984 0.989
391585 1.002 1.002 1.004 1.010 1.000 0.980 0.993 0.991
391588 1.006 1.009 1.009 1.016 1.004 0.983 0.990 0.993
391722 1.000 0.990 0.998 1.004 0.998 0.979 0.989 0.993
391728 1.010 0.999 0.997 1.008 1.003 0.986 0.979 0.982
391813 0.990 0.996 0.984 1.002 1.001 0.993 0.988 0.991
391815 0.985 0.990 0.984 0.995 1.004 0.983 0.998 1.001
391816 0.994 0.995 0.988 1.002 1.004 0.986 0.991 1.003
391817 0.988 0.991 0.991 0.999 1.002 0.986 0.993 0.995
391818 0.989 0.996 0.986 0.998 1.011 0.987 0.991 0.986
391819 0.993 0.997 0.985 0.995 1.007 0.987 0.995 0.993
391857 0.998 0.994 0.988 1.003 1.004 0.985 0.986 0.996
391860 0.993 0.994 0.992 0.998 1.002 0.986 0.992 0.991
391861 0.994 0.993 0.990 0.997 1.004 0.989 0.996 0.996
391862 0.998 0.993 0.996 1.008 1.004 0.984 0.999 0.992
391863 0.995 0.996 0.998 1.002 1.003 0.989 0.996 0.994
391868 0.989 0.991 0.992 1.000 1.006 0.984 0.991 0.997
391869 0.992 0.987 0.995 1.001 1.004 0.985 0.995 0.996
391870 0.989 0.987 0.996 0.998 0.998 0.983 0.995 0.997
391871 0.990 0.990 0.995 1.000 1.002 0.987 0.994 0.992
391872 0.994 0.993 0.998 1.004 1.004 0.987 0.993 0.995
391873 0.991 0.992 0.993 1.001 1.002 0.985 0.991 0.993
391875 0.993 0.993 0.995 1.003 1.006 0.988 0.994 0.994
391876 0.994 0.994 0.998 1.004 1.003 0.986 0.998 0.995
391966 0.991 0.987 0.991 0.997 0.998 0.980 0.992 0.990
391967 0.988 0.983 0.987 0.996 0.994 0.979 0.989 0.991
391968 0.982 0.977 0.982 0.992 0.990 0.976 0.987 0.986
391969 0.981 0.976 0.982 0.990 0.988 0.974 0.990 0.985
391970 0.989 0.983 0.992 0.998 1.001 0.977 0.987 0.991
391982 0.986 0.986 0.990 0.997 0.999 0.982 0.987 0.991
391998 0.992 0.988 0.995 1.004 0.997 0.988 0.988 0.995
392014 0.990 0.987 0.992 1.003 0.998 0.979 0.996 0.994
392015 0.991 0.990 0.992 1.002 1.001 0.985 0.999 0.989
392021 0.997 0.994 1.001 1.008 1.008 0.988 0.997 0.998
392022 0.993 0.989 0.997 1.005 0.999 0.984 1.000 0.997
392023 0.996 0.993 0.997 1.006 1.002 0.984 0.997 0.996
392026 0.993 0.994 0.994 1.012 1.002 0.982 1.002 1.006
392027 0.993 0.992 0.995 1.005 1.002 0.982 0.997 0.996
392028 0.996 0.995 1.001 1.007 1.006 0.986 0.996 0.993
392096 0.988 0.989 0.993 1.006 1.005 0.977 1.000 1.009
392097 0.988 0.996 0.997 1.003 1.001 0.987 0.998 0.995
392098 0.991 0.989 0.995 1.003 1.000 0.985 0.994 0.992
392100 0.989 0.986 0.991 1.003 1.001 0.983 0.995 0.993
392102 0.983 0.983 0.993 0.996 0.998 0.983 0.993 0.996
392103 0.996 0.986 0.994 0.999 1.006 0.988 0.991 0.990
392104 0.991 0.989 0.993 1.002 1.002 0.986 0.994 0.994
392106 0.987 0.989 0.991 1.000 0.996 0.980 0.997 0.997
392147 0.992 0.992 0.993 1.006 1.008 0.984 1.002 1.005
392152 0.998 0.999 1.000 1.010 1.008 0.986 0.995 0.997
392154 1.000 0.998 1.004 1.014 1.007 0.987 1.001 0.998
392155 0.997 0.993 1.000 1.008 1.005 0.985 0.997 0.997
392156 1.000 1.000 1.002 1.019 1.007 0.987 0.997 0.986
392157 0.999 1.002 1.006 1.015 1.009 0.986 1.002 0.993
392160 0.994 0.993 1.001 1.007 1.006 0.986 0.994 0.993
392162 0.996 0.996 1.000 1.009 1.007 0.986 0.999 0.992
392218 0.992 0.995 0.993 1.005 1.000 0.985 0.994 1.002
392220 0.991 0.997 0.998 1.001 1.012 0.987 0.984 0.994
392223 0.981 0.984 1.000 1.003 1.005 0.986 0.994 0.986
392225 0.987 0.992 0.995 1.005 1.002 0.983 0.997 0.998
392226 0.994 0.994 0.996 1.003 1.003 0.983 0.992 0.998
392227 0.996 0.998 1.001 1.009 1.006 0.985 0.995 0.997
392228 0.998 0.998 1.000 1.011 1.009 0.987 0.994 0.997
392231 0.993 0.991 0.998 1.015 1.005 0.985 0.993 1.003
392267 1.001 0.997 1.000 1.012 1.015 0.992 0.999 0.988
392276 0.991 0.990 0.995 1.007 1.000 0.979 0.993 0.997
392277 0.994 0.998 0.997 1.012 0.999 0.975 0.996 0.999
392279 0.990 0.991 0.993 1.002 1.001 0.981 0.991 0.993
392280 0.985 0.981 0.989 0.999 0.998 0.973 0.988 0.984
392281 0.991 0.990 0.994 1.000 0.999 0.982 0.993 0.993
392282 0.988 0.984 0.988 0.998 0.997 0.978 0.995 0.994
392285 0.989 0.985 0.994 1.001 1.001 0.978 0.994 1.001
392292 0.994 0.992 0.995 1.003 1.002 0.985 0.989 0.987
392293 0.995 0.992 0.990 0.997 1.005 0.984 0.995 0.993
392294 0.999 0.995 0.992 1.003 1.009 0.986 0.996 0.995
392296 0.998 0.999 0.996 1.004 1.007 0.986 0.992 0.997
392297 0.996 0.995 0.999 1.005 1.000 0.983 0.999 0.992
392298 0.994 0.992 0.997 1.006 1.006 0.984 0.992 0.995
392299 0.992 0.993 0.997 1.005 1.002 0.980 0.994 0.997
392353 0.990 0.984 0.978 0.998 0.997 0.979 0.989 0.986
392354 0.996 0.985 0.990 0.998 1.000 0.979 0.996 1.008
392355 0.989 0.987 0.986 0.996 1.000 0.980 0.993 0.995
392359 0.987 0.984 0.984 0.992 0.997 0.979 0.991 0.991
392415 0.978 0.972 0.982 1.000 0.988 0.969 0.992 0.993
392418 0.988 0.980 0.990 1.000 0.993 0.971 0.988 0.981
392420 0.988 0.983 0.988 1.000 0.992 0.976 0.996 0.994
392421 0.986 0.984 0.985 1.054 0.996 0.979 0.992 0.992
392422 0.987 0.983 0.983 1.020 0.995 0.977 0.991 0.994
392428 0.986 0.983 0.981 1.048 0.994 0.974 0.992 0.993
392429 0.988 0.983 0.980 1.000 0.994 0.970 0.993 0.989
392430 0.985 0.981 0.980 0.988 0.990 0.970 0.992 0.995
392431 0.981 0.981 0.975 1.000 0.989 0.967 0.988 0.995
392540 0.984 0.984 0.984 0.995 0.996 0.979 0.986 0.996
392541 0.987 0.985 0.989 0.993 1.000 0.980 0.993 0.992
392542 0.988 0.984 0.989 0.995 0.999 0.980 0.993 0.995
392545 0.990 0.986 0.985 0.997 0.999 0.980 0.992 0.997
392546 0.988 0.987 0.989 0.999 1.001 0.981 0.995 0.991
392548 0.987 0.985 0.986 0.994 0.996 0.979 0.993 0.992
392712 0.984 0.972 0.982 0.979 1.002 0.990 0.987 0.995
392713 0.988 0.984 0.992 0.989 0.993 0.961 0.975 1.000
392714 0.988 0.980 0.978 0.980 0.986 0.978 0.982 1.002
392715 0.987 0.982 0.989 0.991 0.996 0.977 0.994 0.981
392716 0.990 0.985 0.987 0.997 0.997 0.980 0.992 0.991
392811 0.984 0.981 0.983 0.989 0.994 0.979 0.989 0.996
392814 0.985 0.980 0.989 0.991 0.994 0.979 0.987 0.984
392818 0.986 0.982 0.986 0.992 0.996 0.981 0.991 0.992
392819 0.985 0.984 0.988 0.991 0.997 0.980 0.989 0.994
392820 0.987 0.980 0.983 0.990 0.993 0.975 0.987 0.997
392821 0.985 0.984 0.990 0.994 0.996 0.978 0.993 0.995
392836 0.983 0.982 0.984 0.988 0.991 0.981 0.988 0.986
392837 0.982 0.980 0.979 0.992 0.991 0.974 1.004 0.995
392838 0.985 0.982 0.989 0.995 0.999 0.980 0.990 1.001
392840 0.991 0.989 0.991 0.998 1.004 0.985 0.991 0.992
392842 0.993 0.978 0.991 0.985 0.996 0.982 0.991 0.991
392844 0.986 0.980 0.982 0.989 1.002 0.983 0.992 0.995
392845 0.982 0.978 0.984 0.990 0.993 0.979 0.990 0.994
392846 0.989 0.983 0.981 0.985 0.992 0.985 0.990 0.995
392848 0.988 0.981 0.988 0.990 0.998 0.983 0.991 0.994
392922 0.983 0.981 0.982 1.000 0.998 0.992 0.995 0.992
392923 0.980 0.981 0.982 1.000 1.000 0.991 0.994 0.985
392925 0.986 0.984 0.989 1.000 1.001 0.992 0.994 0.990
392926 0.988 0.980 0.987 1.000 1.002 0.990 0.990 0.991
392928 0.998 0.987 0.990 1.000 1.007 0.989 0.994 0.984
392934 0.997 0.987 0.991 1.000 1.004 0.989 0.992 0.994
392942 0.988 0.985 0.990 0.993 0.996 0.983 0.992 0.994
392943 0.984 0.978 0.984 0.987 0.996 0.981 0.993 0.991
392944 0.986 0.978 0.986 0.988 0.993 0.981 0.994 0.990
392946 0.989 0.980 0.990 0.989 0.999 0.986 0.998 0.992
392947 0.986 0.981 0.983 0.990 0.995 0.982 0.993 0.991
393051 0.979 0.979 0.987 0.990 0.988 0.983 0.993 0.991
393054 0.987 0.982 0.989 0.988 0.992 0.984 0.993 0.987
393056 0.983 0.980 0.986 0.990 0.991 0.982 0.991 0.998
393061 0.986 0.976 0.991 0.993 0.994 0.983 0.993 0.993
393062 0.982 0.977 0.982 0.991 0.989 0.981 0.990 0.993
393064 0.984 0.982 0.987 0.991 0.991 0.982 0.993 0.995
393066 0.981 0.980 0.985 0.993 0.992 0.985 1.000 0.991
393067 0.986 0.985 0.988 0.993 0.994 0.988 0.988 0.996
393068 0.983 0.976 0.982 0.988 0.988 0.981 0.992 0.994
393164 0.983 0.978 0.988 0.985 0.991 0.984 0.988 0.989
393167 0.982 0.982 0.984 0.990 0.991 0.984 0.994 0.987
393175 0.984 0.985 0.988 0.993 0.996 0.986 0.992 0.993
393176 0.982 0.986 0.992 0.991 0.993 0.985 0.996 0.997
393177 0.987 0.984 0.992 0.996 0.994 0.985 0.996 0.992
393178 0.988 0.986 0.990 0.995 0.994 0.983 0.994 0.995
393179 0.991 0.984 0.984 0.998 0.995 0.987 1.000 1.000
393180 0.990 0.992 0.995 0.997 0.999 0.987 0.994 0.990
393341 0.987 0.984 0.990 0.996 0.994 0.983 0.999 0.988
393342 0.995 0.988 0.995 1.001 1.000 0.985 0.999 0.996
393343 0.991 0.984 0.991 0.996 0.996 0.984 0.991 0.999
393345 0.982 0.983 0.991 0.990 0.991 0.981 0.993 0.993
393349 0.980 0.977 0.985 0.990 0.988 0.980 0.998 0.991
393351 0.980 0.979 0.985 0.986 0.991 0.984 0.992 0.991
393456 0.983 0.967 0.985 0.989 0.985 0.979 0.991 0.987
393457 0.989 0.980 0.992 0.995 0.985 0.989 0.983 0.988
393458 0.978 0.969 0.975 0.980 0.983 0.977 0.997 0.989
393460 0.982 0.975 0.983 0.981 0.986 0.986 0.995 0.982
393461 0.984 0.978 0.985 0.983 0.993 0.982 0.995 0.994
393462 0.984 0.984 0.988 0.990 0.992 0.980 0.996 0.993
393464 0.982 0.976 0.982 0.986 0.987 0.983 0.994 0.991
393469 0.988 0.974 0.986 0.981 0.983 0.991 0.987 0.981
393471 0.979 0.974 0.979 0.984 0.986 0.980 0.994 0.990
393478 0.986 0.979 0.988 0.988 0.991 0.980 0.992 1.000
393481 0.982 0.979 0.984 0.989 0.986 0.984 0.988 0.991
393482 0.983 0.975 0.984 0.988 0.987 0.979 0.991 0.996
393483 0.981 0.974 0.981 0.985 0.987 0.977 0.992 0.992
393484 0.973 0.976 0.985 0.984 0.986 0.975 0.998 0.978
393485 0.980 0.974 0.980 0.982 0.987 0.980 0.992 0.997
393486 0.985 0.986 0.990 0.994 0.990 0.985 0.998 0.989
393487 0.978 0.973 0.976 0.983 0.982 0.979 0.994 0.991
393529 0.981 0.977 0.986 0.987 0.987 0.983 0.997 0.997
393530 0.979 0.973 0.976 0.981 0.985 0.985 0.990 0.988
393531 0.978 0.975 0.976 0.983 0.985 0.981 0.983 0.989
393534 0.979 0.976 0.983 0.986 0.987 0.986 0.992 0.990
393574 0.977 0.978 0.986 0.986 0.988 0.975 0.996 0.993
393575 0.985 0.982 0.987 0.988 0.988 0.983 0.992 0.984
393576 0.983 0.976 0.984 0.988 0.990 0.982 0.991 1.004
393577 0.982 0.982 0.983 0.988 0.992 0.980 0.992 0.988
393578 0.990 0.988 0.990 0.994 1.000 0.984 0.997 0.997
393579 0.986 0.986 0.992 0.990 0.992 0.985 0.992 0.996
393581 0.986 0.988 0.996 0.994 0.993 0.985 1.000 0.998
393598 0.979 0.985 0.988 0.989 0.992 0.988 0.987 0.990
393599 0.977 0.977 0.977 0.980 0.981 0.967 0.990 0.990
393600 0.985 0.976 0.974 0.979 0.976 0.979 0.994 0.985
393601 0.991 0.981 0.978 1.002 0.998 0.993 1.002 0.989
393616 0.982 0.988 0.997 0.989 0.996 0.984 1.001 0.998
393619 0.984 0.981 0.984 0.991 0.991 0.983 0.992 0.995
393627 0.978 0.976 0.979 0.985 0.985 0.981 0.995 0.996
393628 0.978 0.976 0.983 0.985 0.985 0.982 0.992 0.990
393673 0.990 0.978 0.987 0.987 0.989 0.982 1.005 1.003
393674 0.979 0.974 0.980 0.982 0.984 0.980 0.996 0.995
393677 0.977 0.978 0.983 0.986 0.985 0.978 0.991 0.991
393795 0.978 0.975 0.980 0.984 0.988 0.979 0.996 0.993
393798 0.977 0.974 0.984 0.985 0.980 0.975 0.991 0.992
393805 0.978 0.976 0.981 0.983 0.986 0.978 0.991 0.994
393809 0.979 0.978 0.985 0.985 0.984 0.979 0.991 0.993
393810 0.982 0.978 0.984 0.986 0.989 0.980 0.991 0.988
393883 0.979 0.974 0.982 0.987 0.986 0.980 0.990 0.992
393885 0.983 0.981 0.985 0.990 0.988 0.982 0.996 0.992
393886 0.978 0.976 0.983 0.982 0.984 0.979 0.994 0.995
393888 0.981 0.974 0.977 0.980 0.982 0.981 0.993 0.993
393890 0.978 0.975 0.981 0.981 0.982 0.984 0.994 0.992
393891 0.981 0.976 0.980 0.981 0.984 0.984 0.992 0.994
393897 0.978 0.977 0.989 0.989 0.979 0.983 0.988 1.013
393898 0.980 0.968 0.986 0.985 0.981 0.976 0.999 0.991
393901 0.975 0.971 0.979 0.982 0.980 0.977 0.987 0.989
393902 0.978 0.975 0.980 0.983 0.983 0.978 0.992 0.993
393905 0.981 0.976 0.986 0.990 0.985 0.986 0.990 0.989
394002 0.983 0.978 0.991 0.988 0.990 0.978 1.000 0.994
394003 0.982 0.981 0.983 0.987 0.992 0.981 0.995 1.000
394004 0.985 0.979 0.986 0.988 0.985 0.981 0.992 0.992
394005 0.984 0.981 0.989 0.988 0.988 0.984 0.994 0.994
394048 0.976 0.971 0.971 0.979 0.976 0.978 0.990 0.987
394049 0.969 0.966 0.973 0.969 0.976 0.974 0.985 0.984
394050 0.966 0.965 0.971 0.968 0.971 0.971 0.985 0.984
394053 0.968 0.960 0.968 0.968 0.975 0.977 0.994 0.985
394054 0.968 0.963 0.971 0.971 0.973 0.977 0.991 0.986
394055 0.973 0.968 0.974 0.973 0.976 0.981 0.985 0.993
394056 0.979 0.981 0.990 0.983 0.985 0.989 0.989 0.990
394057 0.981 0.977 0.991 0.987 0.987 0.987 0.996 0.992
394060 0.975 0.965 0.974 0.975 0.976 0.983 0.992 1.000
394061 0.980 0.979 0.986 0.983 0.986 0.989 0.995 0.985
394062 0.991 0.982 0.991 0.989 0.994 0.994 1.000 0.985
394065 0.979 0.982 0.984 0.986 0.985 0.990 0.990 0.982
394066 0.983 0.976 0.985 0.984 0.994 0.988 0.987 0.994
394067 0.980 0.977 0.980 0.986 0.983 0.980 0.991 1.000
394068 0.979 0.974 0.979 0.983 0.983 0.982 0.993 0.995
394069 0.984 0.981 0.988 0.993 0.987 0.986 0.992 0.988
394070 0.978 0.979 0.977 0.985 0.981 0.984 0.993 0.990
394072 0.977 0.975 0.982 0.982 0.983 0.981 0.992 0.991
394266 1.000 1.000 1.000 1.000 1.000 1.000 1.000 1.000
394269 0.984 0.971 0.975 0.989 0.994 0.993 0.988 1.024
394272 0.969 0.963 0.965 0.976 0.977 0.987 0.994 0.993
394368 0.974 0.972 0.978 0.978 0.979 0.978 0.994 0.988
394388 0.980 0.976 0.984 0.987 0.988 0.986 1.001 1.000
394389 0.981 0.981 0.993 0.991 0.990 0.987 0.994 0.998
394390 0.982 0.981 0.988 0.988 0.991 0.987 1.000 0.997
394391 0.983 0.980 0.984 0.991 0.990 0.986 1.000 1.002
394398 0.978 0.975 0.986 0.987 0.985 0.983 0.996 0.993
394400 0.979 0.974 0.979 0.981 0.981 0.982 0.994 0.991
394402 0.980 0.978 0.988 0.987 0.987 0.987 0.990 0.991
394403 0.981 0.972 0.973 0.983 0.984 0.980 0.993 0.993
394407 0.962 0.957 0.971 0.965 0.973 0.970 1.000 0.997
394416 0.973 0.966 0.971 0.979 0.978 0.981 1.010 1.007
394417 0.971 0.973 0.973 0.973 0.980 0.987 0.999 1.005
394420 0.971 0.966 0.975 0.977 0.977 0.982 0.998 0.984
394421 0.976 0.976 0.981 0.984 0.985 0.987 0.999 0.999
394422 0.974 0.972 0.978 0.981 0.982 0.985 0.998 0.997
394423 0.976 0.970 0.980 0.978 0.982 0.982 1.000 0.994
394525 0.977 0.971 0.982 0.977 0.981 0.990 0.982 1.012
394526 0.973 0.971 0.975 0.980 0.979 0.982 1.001 0.997
394528 0.969 0.968 0.972 0.979 0.976 0.983 0.987 0.999
394531 1.000 1.000 1.000 1.000 1.000 1.000 1.000 1.000
394532 0.971 0.966 0.967 0.980 0.975 0.977 0.998 0.995
394533 0.972 0.959 0.973 0.979 0.979 0.982 0.999 1.006
394534 0.970 0.967 0.973 0.974 0.977 0.976 1.000 1.003
394538 0.972 0.966 0.971 0.976 0.976 0.978 0.995 0.994
394539 0.967 0.964 0.968 0.972 0.975 0.977 0.989 0.992
394671 0.972 0.967 0.974 0.974 0.979 0.982 0.994 0.987
394676 0.971 0.968 0.975 0.977 0.974 0.980 0.994 1.001
394677 0.970 0.966 0.974 0.972 0.977 0.979 0.997 0.997
394679 0.974 0.967 0.973 0.978 0.980 0.984 0.994 0.997
394682 0.982 0.976 0.984 0.987 0.987 0.989 0.992 0.999
394683 0.978 0.979 0.982 0.986 0.989 0.990 0.999 0.997
394684 0.976 0.975 0.977 0.982 0.986 0.993 0.993 0.996
394692 0.992 0.983 0.976 0.986 0.974 0.984 1.017 0.998
394698 0.976 0.970 0.976 0.983 0.983 0.985 1.006 0.994
394699 0.979 0.973 0.991 0.984 0.986 1.004 1.007 1.003
394700 0.973 0.971 0.975 0.973 0.974 0.984 0.999 0.997
394701 0.979 0.976 0.972 0.975 0.986 0.985 0.992 0.991
394702 0.974 0.970 0.976 0.977 0.978 0.985 1.000 0.998
394703 0.974 0.969 0.972 0.975 0.978 0.984 0.998 0.991
394704 0.971 0.967 0.969 0.975 0.980 0.977 0.990 0.986
394739 0.977 0.974 0.982 0.984 0.986 0.988 0.995 0.992
394741 0.984 0.983 0.983 0.991 0.988 0.993 0.995 0.998
394742 0.967 0.966 0.972 0.972 0.975 0.976 1.002 0.999
394743 0.979 0.977 0.985 0.984 0.988 0.987 1.009 1.003
394744 0.967 0.966 0.966 0.970 0.974 0.979 0.993 0.980
394745 0.982 0.973 0.976 0.985 0.981 0.984 0.995 0.991
394746 0.977 0.980 1.000 0.993 0.978 0.995 0.998 0.986
394748 0.978 0.976 0.984 0.983 0.981 0.988 0.995 0.990
394750 0.977 0.975 0.984 0.979 0.984 0.987 0.995 0.992
394751 0.974 0.969 0.984 0.980 0.985 0.986 0.989 0.996
394962 0.981 0.984 0.990 0.989 0.989 0.991 0.993 0.995
394963 0.982 0.979 0.990 0.988 0.989 0.992 0.994 0.992
394964 0.980 0.986 0.994 0.988 0.987 0.990 0.992 0.991
394965 0.975 0.978 0.980 0.982 0.981 0.985 0.998 1.005
394968 0.985 0.985 0.988 0.988 0.988 0.991 0.999 0.997
394969 0.981 0.985 0.993 0.990 0.987 0.993 0.997 0.992
394970 0.981 0.976 0.984 0.976 0.979 0.989 1.000 0.993
394976 0.974 0.969 0.971 0.972 0.970 0.984 0.979 1.020
394977 0.971 0.970 0.976 0.975 0.980 0.986 0.992 0.995
394978 0.960 0.956 0.956 0.960 0.963 0.975 1.003 0.997
394979 0.975 0.970 0.976 0.975 0.975 0.990 0.989 0.988
394980 0.970 0.969 0.975 0.972 0.979 0.991 0.998 0.996
394981 0.974 0.977 0.973 0.973 0.976 0.995 1.000 0.984
394982 0.974 0.969 0.975 0.971 0.975 0.990 1.004 0.984
395096 0.977 0.965 0.974 0.974 0.982 0.993 0.993 0.995
395098 0.974 0.963 0.962 0.971 0.980 0.993 1.000 0.995
395099 0.978 0.977 0.984 0.977 0.987 0.998 0.999 0.997
395102 0.976 0.966 0.969 0.977 0.981 0.998 0.995 0.996
395103 0.980 0.980 0.988 0.991 0.985 1.006 0.999 0.995
395223 0.964 0.962 0.960 0.940 0.956 0.979 1.000 1.000
395225 0.979 0.976 0.960 0.960 0.977 0.990 0.980 1.004
395228 0.983 0.979 0.977 0.971 0.980 1.002 1.000 0.996
395229 0.988 0.986 0.981 0.978 0.986 1.006 0.999 0.995
395230 0.977 0.975 0.963 0.970 0.973 0.996 0.998 0.995
395231 0.978 0.974 0.970 0.971 0.976 1.000 0.996 0.988
395233 0.974 0.972 0.968 0.970 0.972 1.000 0.993 0.997
395238 0.973 0.970 0.968 0.964 0.971 0.997 0.987 0.991
395239 0.979 0.974 0.969 0.965 0.976 0.999 0.996 0.988
395242 0.975 0.970 0.967 0.965 0.974 0.998 0.994 0.989
395244 0.975 0.976 0.969 0.964 0.975 1.002 1.001 0.991
395389 0.981 0.975 0.967 0.965 0.973 1.002 0.992 0.986
395390 0.975 0.974 0.970 0.965 0.976 0.999 0.992 0.993
395396 0.984 0.982 0.981 0.973 0.984 1.010 0.996 1.001
395397 0.984 0.982 0.983 0.972 0.982 1.000 0.998 0.999
395398 0.982 0.982 0.971 0.971 0.977 1.009 1.007 0.993
395399 0.981 0.978 0.973 0.969 0.979 1.002 1.000 0.995
395402 0.985 0.979 0.976 0.973 0.981 1.004 0.994 0.999
395405 0.983 0.980 0.977 0.972 0.978 1.000 1.001 0.988
395406 0.989 0.979 0.982 0.983 0.985 1.001 0.986 1.000
395407 0.973 0.979 0.977 0.970 0.977 1.004 1.007 0.987
395408 0.981 0.980 0.975 0.971 0.978 1.000 0.995 0.996
395411 0.981 0.979 0.976 0.968 0.975 0.998 0.998 0.990
395412 0.979 0.973 0.967 0.964 0.969 0.994 0.999 1.006
395413 0.982 0.981 0.973 0.970 0.978 1.003 0.997 1.000
395419 0.979 0.979 0.974 0.965 0.977 1.000 0.998 0.992
395420 0.983 0.981 0.978 0.970 0.979 1.004 0.997 0.995
395430 0.983 0.985 0.980 0.974 0.980 1.005 0.996 0.993
395431 0.977 0.978 0.976 0.962 0.981 0.997 0.998 0.988
395432 0.978 0.977 0.971 0.968 0.976 1.000 0.992 0.990
395526 0.974 0.969 0.963 0.964 0.974 0.997 0.990 0.987
395527 0.977 0.976 0.970 0.968 0.975 0.998 0.989 0.990
395544 0.977 0.974 0.971 0.966 0.977 0.997 1.000 0.996
395545 0.978 0.977 0.975 0.971 0.980 0.999 0.996 0.987
395546 0.977 0.975 0.971 0.965 0.980 1.000 0.995 0.990
395549 0.978 0.980 0.974 0.972 0.977 1.001 0.995 0.994
395550 0.978 0.978 0.973 0.967 0.978 0.998 0.993 0.999
395551 0.978 0.979 0.977 0.970 0.979 1.002 0.998 0.993
395552 0.978 0.975 0.972 0.966 0.975 1.000 0.994 0.992
395553 0.975 0.971 0.966 0.963 0.973 0.999 0.996 0.989
395587 0.983 0.981 0.975 0.971 0.980 1.000 0.997 0.990
395588 0.981 0.982 0.977 0.970 0.979 1.002 0.996 0.997
395589 0.977 0.978 0.977 0.965 0.981 1.003 0.992 1.000
395590 0.978 0.973 0.969 0.965 0.975 1.000 0.996 0.987
395591 0.980 0.976 0.971 0.968 0.976 1.002 0.997 0.994
395592 0.978 0.979 0.973 0.966 0.975 1.007 0.985 0.990
395593 0.987 0.985 0.980 0.974 0.986 1.006 0.992 0.987
395594 0.981 0.976 0.972 0.968 0.978 1.004 0.999 0.995
395595 0.988 0.987 0.981 0.975 0.983 1.007 0.996 0.998
395597 0.983 0.988 0.975 0.978 0.983 1.001 1.003 0.991
395599 0.981 0.981 0.975 0.970 0.981 1.004 0.991 0.992
395639 0.977 0.978 0.971 0.966 0.976 1.001 0.991 1.001
395640 0.979 0.978 0.973 0.972 0.979 1.003 0.999 0.994
395641 0.982 0.980 0.977 0.979 0.978 1.000 0.989 0.990
395642 0.983 0.981 0.976 0.971 0.980 1.006 0.994 0.998
395643 0.979 0.981 0.977 0.973 0.982 1.000 0.990 0.998
395645 0.980 0.982 0.975 0.969 0.979 1.001 0.999 1.001
395646 0.979 0.973 0.971 0.972 0.982 1.005 0.991 1.003
395647 0.981 0.971 0.971 0.967 0.973 0.995 0.987 0.994
395648 0.980 0.983 0.982 0.967 0.984 1.009 0.992 0.982
395731 0.969 0.964 0.959 0.958 0.966 0.992 0.993 0.984
395732 0.978 0.979 0.976 0.968 0.976 1.004 0.998 0.996
395733 0.984 0.976 0.975 0.972 0.980 1.007 0.990 0.995
395734 0.973 0.968 0.962 0.966 0.964 0.994 0.991 0.994
395768 0.989 0.981 0.969 0.974 0.977 1.005 0.991 1.002
395769 0.975 0.974 0.968 0.970 0.973 1.003 0.996 0.997
395770 0.979 0.973 0.969 0.969 0.974 1.003 0.992 0.987
395771 0.973 0.971 0.966 0.964 0.975 1.001 0.990 0.986
395775 0.976 0.971 0.973 0.963 0.977 1.003 0.993 0.989
395776 0.974 0.972 0.966 0.963 0.972 1.000 0.991 0.989
395777 0.972 0.970 0.965 0.961 0.970 0.998 0.992 0.991
395808 0.970 0.971 0.966 0.962 0.972 0.995 0.987 0.997
395809 0.971 0.969 0.964 0.961 0.968 0.997 0.995 0.993
395810 0.970 0.965 0.967 0.965 0.967 1.000 1.008 1.013
395811 0.976 0.968 0.972 0.964 0.974 1.004 0.989 0.994
395813 0.974 0.973 0.969 0.960 0.971 0.997 0.988 0.989
395816 0.969 0.971 0.961 0.962 0.970 0.997 0.994 0.989
395817 0.964 0.958 0.956 0.951 0.961 0.988 0.989 0.990
395819 0.970 0.957 0.961 0.955 0.966 0.990 0.999 0.997
395882 0.959 0.960 0.953 0.954 0.957 0.981 0.984 0.989
395884 0.974 0.973 0.967 0.962 0.968 1.000 0.995 0.984
395899 0.989 0.984 0.968 0.973 0.983 1.008 1.017 0.997
395901 0.980 0.983 0.976 0.965 0.980 1.016 1.012 1.003
395907 0.985 0.987 0.975 0.972 0.979 1.006 1.001 1.001
395908 0.982 0.984 0.978 0.973 0.978 1.007 0.999 0.998
395939 0.981 0.980 0.973 0.973 0.976 0.995 0.997 0.997
395940 0.982 0.979 0.971 0.972 0.979 1.007 1.004 1.001
395941 0.979 0.971 0.973 0.964 0.976 1.008 1.033 1.000
396048 0.978 0.976 0.976 0.965 0.974 0.999 0.996 1.006
396049 0.983 0.980 0.977 0.971 0.980 1.007 0.997 0.996
396050 0.981 0.975 0.973 0.968 0.980 1.007 0.996 1.001
396051 0.976 0.976 0.966 0.965 0.975 1.003 0.994 1.001
396054 0.975 0.975 0.971 0.963 0.973 1.003 0.998 1.000
396056 0.978 0.973 0.970 0.966 0.976 1.002 0.987 0.987
396058 0.980 0.981 0.977 0.969 0.976 1.010 0.998 0.997
396061 0.978 0.975 0.983 0.971 0.977 1.015 1.018 1.000
396063 0.981 0.972 0.978 0.967 0.977 1.016 1.021 1.004
396064 0.978 0.979 0.977 0.971 0.976 1.007 0.999 0.982
396065 0.981 0.974 0.967 0.968 0.973 1.000 0.995 1.003
396066 0.982 0.976 0.977 0.966 0.974 1.000 0.998 0.998
396067 0.987 0.984 0.979 0.972 0.977 1.008 0.993 0.984
396069 0.978 0.982 0.977 0.970 0.976 1.003 0.991 0.994
396070 0.975 0.969 0.962 0.961 0.969 0.999 1.000 0.999
396072 0.976 0.983 0.980 0.968 0.974 0.996 0.992 1.009
396073 0.980 0.980 0.975 0.969 0.975 1.007 1.000 0.991
396074 0.978 0.981 0.975 0.969 0.979 1.008 0.990 1.002
396075 0.980 0.979 0.972 0.965 0.975 1.006 1.005 1.005
396268 0.987 0.985 0.977 0.973 0.978 1.009 0.996 0.996
396269 0.985 0.986 0.963 0.992 0.990 1.019 1.011 1.000
396274 0.977 0.975 0.968 0.963 0.971 1.004 0.998 0.993
396276 0.986 0.977 0.971 0.965 0.976 1.012 0.996 0.994
396277 0.986 0.984 0.976 0.970 0.981 1.012 1.001 0.995
396279 0.979 0.978 0.973 0.964 0.976 1.003 0.994 1.001
396280 0.985 0.986 0.979 0.970 0.980 1.007 0.996 0.991
396363 0.981 0.979 0.976 0.962 0.972 1.007 1.000 0.996
396366 0.976 0.975 0.968 0.961 0.974 1.004 0.995 0.993
396412 0.977 0.970 0.967 0.962 0.971 1.002 0.998 0.993
396413 0.971 0.966 0.955 0.965 0.969 1.003 0.997 0.991
396414 0.985 0.981 0.977 0.973 0.980 1.011 0.992 1.002
396415 0.978 0.979 0.971 0.966 0.975 1.002 0.995 0.997
396417 0.980 0.978 0.970 0.964 0.974 1.006 0.998 0.992
396418 0.979 0.979 0.972 0.963 0.976 1.007 0.994 0.994
396433 0.979 0.980 0.974 0.965 0.977 1.007 0.995 0.997
396434 0.980 0.978 0.972 0.968 0.972 1.005 1.000 0.985
396435 0.982 0.982 0.974 0.967 0.978 1.009 0.994 0.991
396437 0.978 0.974 0.968 0.964 0.974 1.008 0.996 1.000
396438 0.984 0.979 0.975 0.967 0.979 1.013 0.992 0.990
396439 0.979 0.975 0.967 0.961 0.973 1.006 0.996 0.997
396440 0.993 0.995 0.992 0.976 0.990 1.019 0.994 0.995
396544 0.983 0.982 0.971 0.969 0.982 1.010 0.996 0.995
396545 0.974 0.975 0.969 0.964 0.974 1.002 0.989 0.996
396546 0.990 0.993 0.989 0.974 0.986 1.014 1.001 0.991
396547 0.980 0.981 0.975 0.969 0.981 1.007 0.996 0.987
396549 0.977 0.981 0.973 0.966 0.976 1.005 0.995 0.993
396552 0.976 0.980 0.972 0.967 0.976 1.005 0.995 0.996
396554 0.978 0.979 0.972 0.963 0.975 1.001 0.995 0.989
396560 0.979 0.984 0.977 0.969 0.981 1.007 0.996 0.992
396561 0.982 0.987 0.980 0.970 0.980 1.009 0.997 0.997
396563 0.986 0.983 0.985 0.976 0.986 1.015 1.000 0.993
396612 0.980 0.978 0.972 0.965 0.975 1.000 0.986 0.998
396614 0.981 0.984 0.975 0.972 0.980 1.005 0.992 0.997
396615 0.978 0.981 0.975 0.968 0.979 1.006 0.999 0.997
396616 0.980 0.982 0.978 0.971 0.978 1.008 0.994 0.993
396617 0.980 0.979 0.971 0.967 0.973 1.004 0.994 0.997
396618 0.980 0.978 0.972 0.966 0.976 1.002 0.993 0.994
396619 0.978 0.978 0.974 0.965 0.977 1.005 0.993 1.000
396627 0.978 0.982 0.976 0.968 0.978 1.013 0.999 0.989
396628 0.978 0.979 0.970 0.965 0.978 1.006 0.993 0.997
396629 0.980 0.978 0.969 0.963 0.976 1.006 0.982 0.989
396630 0.979 0.982 0.972 0.964 0.974 1.006 0.992 0.993
396631 0.980 0.981 0.976 0.968 0.978 1.009 0.993 0.998
396633 0.976 0.984 0.968 0.966 0.976 1.007 0.993 0.999
396634 0.976 0.977 0.967 0.961 0.975 1.004 0.989 0.993
396635 0.978 0.979 0.971 0.965 0.976 1.009 0.993 0.992
396636 0.977 0.984 0.976 0.967 0.977 1.011 0.996 0.993
396677 0.979 0.978 0.967 0.966 0.971 1.005 0.996 0.993
396678 0.971 0.972 0.963 0.956 0.966 1.003 0.993 0.991
396680 0.974 0.974 0.961 0.962 0.967 1.007 0.995 0.991
396681 0.977 0.976 0.965 0.969 0.970 1.007 0.993 0.998
396682 0.982 0.979 0.971 0.964 0.973 1.015 0.996 0.994
396683 0.983 0.980 0.974 0.970 0.974 1.010 1.003 0.997
396684 0.978 0.977 0.969 0.964 0.971 1.005 0.994 0.992
396760 0.982 0.980 0.967 0.965 0.975 1.006 1.000 0.982
396761 0.973 0.970 0.960 0.958 0.967 1.001 0.994 0.995
396762 0.981 0.979 0.969 0.968 0.973 1.008 0.994 0.994
396764 0.981 0.985 0.969 0.971 0.979 1.013 0.996 0.997
396765 0.985 0.988 0.975 0.970 0.979 1.015 0.983 0.982
396766 0.974 0.977 0.970 0.965 0.972 1.006 0.993 0.991
396767 0.979 0.978 0.970 0.964 0.974 1.006 1.000 0.992
396768 0.976 0.979 0.971 0.965 0.974 1.005 1.000 0.993
396785 0.977 0.978 0.971 0.962 0.970 1.009 0.993 0.991
396790 0.977 0.978 0.969 0.961 0.971 1.009 0.994 1.000
396799 0.980 0.981 0.970 0.962 0.968 1.010 0.997 1.000
396802 0.977 0.976 0.967 0.959 0.971 1.013 0.991 0.994
396803 0.975 0.972 0.962 0.957 0.966 1.013 0.996 0.991
396887 0.984 0.984 0.974 0.965 0.973 1.011 0.995 0.993
396888 0.976 0.976 0.971 0.962 0.968 1.009 0.998 0.994
396889 0.979 0.979 0.970 0.961 0.971 1.012 0.998 0.994
396890 0.971 0.963 0.958 0.950 0.965 1.005 0.999 0.995
396891 0.972 0.962 0.960 0.954 0.964 1.004 1.002 1.001
396910 0.983 0.981 0.970 0.965 0.977 1.020 0.998 0.998
396911 0.981 0.977 0.971 0.965 0.979 1.020 0.996 0.995
396914 0.984 0.979 0.974 0.969 0.983 1.023 0.993 0.996
396915 0.979 0.974 0.966 0.959 0.974 1.017 0.995 0.999
396916 0.976 0.965 0.954 0.946 0.966 1.009 0.985 0.989
396918 0.979 0.970 0.958 0.958 0.974 1.010 1.001 0.994
396919 0.981 0.971 0.965 0.962 0.980 1.014 1.000 1.004
396921 0.979 0.974 0.966 0.960 0.977 1.019 0.994 0.999
396993 0.979 0.970 0.966 0.962 0.975 1.015 0.997 1.007
396994 0.978 0.975 0.965 0.958 0.975 1.018 0.996 0.996
396995 0.981 0.977 0.970 0.960 0.978 1.023 0.993 0.998
396997 0.983 0.976 0.967 0.964 0.979 1.019 1.000 0.997
396998 0.978 0.973 0.962 0.961 0.974 1.015 0.988 1.001
396999 0.979 0.974 0.965 0.961 0.976 1.016 0.995 0.996
397000 0.978 0.973 0.964 0.961 0.974 1.014 0.996 0.995
397049 0.978 0.977 0.975 0.959 0.982 1.013 0.989 0.988
397062 0.998 0.981 0.981 0.973 0.981 1.021 1.000 1.010
397065 0.975 0.970 0.968 0.952 0.971 1.014 1.019 0.996
397066 0.983 0.978 0.971 0.967 0.981 1.019 0.997 1.005
397067 0.980 0.979 0.970 0.963 0.979 1.017 1.000 1.000
397068 0.977 0.973 0.963 0.961 0.976 1.014 0.993 1.005
397069 0.984 0.985 0.976 0.970 0.982 1.020 0.999 0.996
397070 0.980 0.975 0.968 0.961 0.974 1.014 1.002 0.992
397176 0.978 0.975 0.966 0.963 0.977 1.016 0.993 0.990
397177 0.982 0.975 0.984 0.961 0.986 1.020 0.992 0.990
397178 0.976 0.976 0.967 0.963 0.976 1.016 0.990 1.001
397181 0.980 0.980 0.971 0.968 0.979 1.019 0.997 0.994
397182 0.971 0.980 0.970 0.965 0.976 1.017 0.993 0.994
397184 1.000 0.980 0.977 1.000 0.974 1.016 0.992 0.995
397201 1.000 1.000 1.000 1.000 1.000 1.000 1.000 1.000
397205 1.000 0.984 1.000 0.951 0.974 1.028 0.986 0.982
397206 1.001 0.985 0.986 0.974 0.991 1.035 0.993 0.994
397207 1.018 0.985 0.986 0.971 0.989 1.033 0.997 0.994
397208 1.002 0.978 0.977 0.965 0.987 1.020 0.996 0.992
397290 0.979 0.976 0.959 0.961 0.974 1.016 0.996 1.008
397291 0.979 0.973 0.963 0.963 0.974 1.017 0.999 0.995
397293 0.977 0.974 0.966 0.962 0.974 1.015 0.998 1.005
397294 0.978 0.975 0.966 0.963 0.973 1.015 0.998 0.996
397295 0.981 0.979 0.970 0.964 0.978 1.022 0.993 0.980
397296 0.978 0.976 0.966 0.959 0.973 1.014 0.995 0.993
397297 0.982 0.978 0.972 0.965 0.978 1.019 0.991 0.993
397313 0.978 0.977 0.968 0.960 0.973 1.012 0.999 0.996
397315 0.979 0.976 0.967 0.962 0.973 1.015 0.999 1.003
397316 0.979 0.973 0.970 0.961 0.977 1.012 0.999 0.994
397317 0.981 0.980 0.977 0.965 0.979 1.021 0.996 1.000
397318 0.981 0.976 0.970 0.965 0.976 1.017 0.997 0.989
397319 0.977 0.977 0.966 0.960 0.971 1.014 0.995 0.991
397320 0.979 0.976 0.970 0.961 0.973 1.015 0.995 0.994
397322 0.976 0.976 0.969 0.965 0.975 1.021 0.992 0.993
397401 0.975 0.970 0.961 0.956 0.969 1.015 0.995 0.999
397402 0.973 0.967 0.956 0.956 0.969 1.011 0.994 0.997
397403 0.978 0.974 0.964 0.959 0.970 1.014 0.996 0.997
397404 0.978 0.973 0.963 0.958 0.971 1.016 0.995 0.994
397407 0.974 0.966 0.959 0.957 0.970 1.014 0.994 0.994
397431 0.981 0.982 0.974 0.964 0.973 1.021 0.997 0.990
397432 0.979 0.978 0.971 0.963 0.977 1.018 0.993 0.997
397433 0.977 0.973 0.967 0.960 0.972 1.015 0.995 0.994
397434 0.981 0.977 0.969 0.964 0.975 1.017 0.995 1.002
397436 0.980 0.979 0.972 0.965 0.975 1.017 0.997 0.993
397437 0.980 0.974 0.967 0.964 0.972 1.018 1.003 0.996
397438 0.976 0.973 0.966 0.960 0.971 1.015 0.997 0.994
397440 0.975 0.971 0.965 0.961 0.969 1.019 1.010 1.001
397511 0.977 0.976 0.970 0.959 0.968 1.020 0.989 1.000
397512 0.979 0.976 0.962 0.959 0.976 1.020 1.000 0.994
397513 0.973 0.971 0.963 0.952 0.966 1.014 0.996 0.993
397515 0.976 0.970 0.959 0.957 0.971 1.018 0.998 0.994
397516 0.975 0.967 0.961 0.958 0.968 1.012 0.985 1.006
397517 0.976 0.980 0.967 0.954 0.969 1.019 0.999 0.990
397519 0.979 0.971 0.964 0.959 0.971 1.018 0.999 0.998
397520 0.979 0.974 0.972 0.958 0.973 1.019 0.999 1.001
397524 0.977 0.969 0.963 0.959 0.970 1.015 0.996 0.994
397525 0.977 0.970 0.964 0.957 0.969 1.016 0.990 0.998
397526 0.974 0.970 0.963 0.953 0.969 1.018 0.995 0.990
397527 0.974 0.968 0.959 0.956 0.966 1.016 0.999 0.993
397531 0.982 0.976 0.967 0.960 0.968 1.020 0.992 1.003
397532 0.974 0.968 0.957 0.956 0.964 1.015 0.997 0.995
397533 0.978 0.968 0.960 0.954 0.965 1.018 0.994 1.002
397534 0.977 0.969 0.965 0.957 0.970 1.017 0.998 0.991
397535 0.973 0.968 0.963 0.955 0.966 1.014 0.996 0.992
397577 0.986 0.981 0.977 0.965 0.971 1.025 0.993 0.998
397580 0.975 0.983 0.963 0.954 0.965 1.021 0.995 1.000
397581 0.981 0.978 0.969 0.960 0.972 1.022 0.997 0.996
397582 0.981 0.978 0.965 0.964 0.973 1.026 0.979 0.995
397585 0.979 0.977 0.967 0.963 0.967 1.021 0.992 0.989
397587 0.974 0.970 0.960 0.956 0.964 1.016 0.995 0.988
397588 0.978 0.971 0.962 0.956 0.966 1.016 0.999 0.999
397589 0.979 0.972 0.966 0.958 0.969 1.018 1.034 0.993
397590 0.977 0.972 0.964 0.955 0.970 1.020 0.996 1.000
397692 0.974 0.970 0.962 0.953 0.971 1.018 0.995 0.999
397694 0.970 0.976 0.972 0.957 0.967 1.019 1.013 1.000
397700 0.974 0.970 0.964 0.955 0.970 1.022 0.986 1.001
397702 0.980 0.979 0.968 0.955 0.975 1.025 1.004 0.983
397705 0.976 0.967 0.966 0.952 0.970 1.016 0.986 0.987
397706 0.979 0.975 0.969 0.958 0.972 1.022 0.998 1.001
397708 0.973 0.969 0.961 0.953 0.965 1.015 0.997 1.001
397710 0.979 0.979 0.972 0.957 0.975 1.023 0.996 0.997
397711 0.973 0.971 0.960 0.953 0.967 1.018 0.998 0.997
397712 0.977 0.976 0.968 0.957 0.972 1.022 0.994 1.005
397714 0.978 0.979 0.971 0.958 0.973 1.022 0.996 0.996
397715 0.977 0.971 0.962 0.953 0.970 1.020 0.996 0.998
397735 0.981 0.977 0.969 0.959 0.970 1.022 1.001 0.992
397737 0.977 0.976 0.970 0.957 0.971 1.022 0.999 0.995
397738 0.980 0.970 0.965 0.961 0.971 1.022 0.999 0.987
397864 0.978 0.974 0.968 0.961 0.974 1.025 1.000 0.997
397866 0.981 0.974 0.975 0.964 0.971 1.028 0.999 1.009
397867 0.977 0.971 0.969 0.961 0.967 1.021 0.998 0.998
397868 0.982 0.978 0.975 0.962 0.975 1.033 0.996 0.988
397917 0.974 0.966 0.965 0.950 0.967 1.024 0.998 0.996
397929 0.980 0.975 0.961 0.961 0.972 1.036 0.997 1.002
397933 0.977 0.970 0.962 0.953 0.973 1.031 1.011 1.001
397934 0.973 0.963 0.955 0.947 0.963 1.023 0.997 0.994
397935 0.974 0.972 0.953 0.949 0.963 1.027 0.990 1.009
397938 0.979 0.976 0.965 0.955 0.976 1.038 1.002 1.004
397989 0.973 0.969 0.959 0.954 0.967 1.025 0.999 0.994
397990 0.970 0.968 0.959 0.952 0.962 1.021 0.991 0.996
398005 1.000 0.952 0.947 1.000 0.945 0.999 1.002 0.982
398007 0.975 0.968 0.960 0.948 0.965 1.023 0.990 0.993
398009 0.978 0.969 0.954 0.951 0.969 1.020 0.997 0.987
398010 0.974 0.966 0.957 0.948 0.966 1.024 1.001 0.992
398011 0.975 0.971 0.963 0.952 0.969 1.023 0.994 0.996
398012 0.975 0.968 0.960 0.951 0.969 1.026 0.997 0.997
398013 0.968 0.963 0.951 0.944 0.962 1.016 0.993 0.997
398014 0.981 0.973 0.965 0.956 0.974 1.030 1.003 0.999
398017 0.976 0.967 0.961 0.952 0.967 1.023 0.994 0.994
398018 0.975 0.964 0.963 0.954 0.965 1.020 0.995 0.994
398019 0.977 0.970 0.961 0.955 0.968 1.024 0.996 0.996
398020 0.976 0.969 0.962 0.953 0.968 1.024 0.995 0.997
398026 0.976 0.969 0.961 0.954 0.966 1.024 0.998 0.995
398027 0.978 0.970 0.964 0.957 0.971 1.026 0.990 0.999
398028 0.975 0.966 0.957 0.953 0.966 1.023 1.000 0.999
398029 0.975 0.969 0.961 0.948 0.964 1.022 0.998 1.003
398030 0.978 0.974 0.965 0.955 0.969 1.025 1.002 1.000
398031 0.977 0.971 0.964 0.952 0.969 1.026 0.997 1.007
398119 0.975 0.966 0.961 0.952 0.966 1.024 0.996 0.996
398120 0.978 0.972 0.965 0.954 0.969 1.028 1.000 0.994
398122 0.974 0.968 0.961 0.949 0.966 1.024 0.999 0.998
398123 0.978 0.969 0.961 0.951 0.967 1.028 0.997 0.998
398124 0.978 0.968 0.962 0.953 0.968 1.027 0.996 0.991
398125 0.975 0.969 0.962 0.950 0.964 1.026 0.999 0.993
398129 0.971 0.961 0.966 0.951 0.965 1.020 1.000 1.000
398130 0.975 0.974 0.960 0.953 0.960 1.024 1.001 0.984
398131 0.984 0.975 0.963 0.962 0.974 1.034 1.006 1.007
398133 0.974 0.969 0.959 0.949 0.962 1.025 1.002 0.997
398134 0.968 0.971 0.955 0.962 0.966 1.024 1.009 1.006
398137 0.977 0.984 0.979 0.952 0.969 1.025 0.994 0.997
398138 0.970 0.973 0.966 0.945 0.963 1.024 0.993 0.995
398139 1.041 1.000 1.000 1.035 1.000 1.000 1.001 0.990
398140 1.044 1.000 1.000 1.040 1.000 1.000 0.999 0.998
398142 0.974 0.969 0.959 0.954 0.964 1.022 0.998 0.995
398144 0.973 0.975 0.965 0.955 0.968 1.029 0.999 1.001
398145 0.975 0.974 0.964 0.957 0.970 1.027 0.999 0.994
398146 0.975 0.973 0.964 0.951 0.968 1.025 0.995 1.001
398147 0.973 0.969 0.961 0.952 0.965 1.023 0.999 0.996
398148 0.978 0.971 0.966 0.956 0.971 1.026 0.997 0.998
398149 0.972 0.971 0.960 0.948 0.963 1.020 0.998 0.995
