386773 1.02758 1.01993 1.02745 1.03041 1.01543 1.01512 1.02882 1.02764
386775 1.023 1.01319 1.02675 1.025 1.01572 1.01523 1.02141 1.02174
386776 1.0253 1.01641 1.02525 1.02597 1.0164 1.01576 1.02457 1.02503
386777 1.02836 1.02053 1.02732 1.02976 1.01599 1.0158 1.02657 1.02713
386825 1.01819 1.01139 1.02247 1.0236 1.01399 1.01223 1.01827 1.01852
386826 1.01647 1.00563 1.0173 1.01838 1.01305 1.01179 1.016 1.0124
386827 1.01748 1.00722 1.01922 1.02002 1.01981 1.01097 1.01642 1.01637
386828 1.02366 1.01428 1.02359 1.02499 1.01074 1.01494 1.0211 1.02086
386829 1.02167 1.01004 1.01935 1.02337 1.01172 1.01238 1.0188 1.01917
386830 1.02121 1.01133 1.0238 1.02447 1.01438 1.01075 1.02098 1.01917
386831 1.02055 1.00877 1.0256 1.02484 -1 -1 -1 -1
386833 1.02078 1.00983 1.02205 1.02168 1.01621 1.01318 1.01865 1.01901
386838 1.02219 1.0124 1.02421 1.02334 1.01668 1.01311 1.01823 1.01979
386839 1.02424 1.01498 1.02545 1.02611 1.01577 1.01793 1.02062 1.02176
386841 1.02404 1.01339 1.02288 1.02322 1.01767 1.01526 1.01955 1.01989
386843 1.0227 1.01356 1.0233 1.02404 1.01725 1.01622 1.01942 1.02021
386844 1.02357 1.01553 1.02348 1.02402 1.01514 1.01674 1.0201 1.02075
386881 1.02222 1.01156 1.01938 1.02217 1.01602 1.01451 1.01798 1.01742
386882 1.02334 1.01573 1.023 1.02365 1.01837 1.01695 1.01933 1.01978
386883 1.02335 1.01632 1.02205 1.02552 1.01489 1.01522 1.02015 1.02091
386884 1.01867 1.00959 1.01964 1.01979 1.01057 1.01213 1.01703 1.01599
386941 1.02173 1.01003 1.01977 1.02024 1.01158 1.01749 1.01564 1.01527
386942 1.02141 1.01124 1.01832 1.02083 1.0121 1.01446 1.01672 1.01572
386943 1.02292 1.01364 1.02406 1.02376 1.01325 1.0208 1.01881 1.01616
386946 1.02454 1.01576 1.02572 1.02335 1.01709 1.01391 1.01894 1.01795
386947 1.02117 1.0145 1.021 1.02256 1.01666 1.01635 1.01763 1.01654
386948 1.02482 1.01547 1.02144 1.02508 1.0118 1.01912 1.01895 1.01872
386950 1.02255 1.01139 1.01998 1.0226 1.01634 1.01572 1.016 1.01623
386951 1.02154 1.01189 1.0203 1.02146 1.01625 1.0151 1.01604 1.01476
386952 1.02147 1.01362 1.02118 1.02163 1.01744 1.01773 1.01751 1.01698
386954 1.0249 1.01423 1.02314 1.02342 1.01799 1.01596 1.0171 1.01899
387027 1.02272 1.01254 1.0231 1.02286 1.01479 1.01538 1.01555 1.01635
387068 1.01771 1.00685 1.01805 1.0189 1.00389 1.01143 1.0094 1.01141
387070 1.02075 1.01166 1.02149 1.02213 1.01566 1.01568 1.01304 1.01206
387072 1.0208 1.01179 1.02768 1.02409 1.01461 1.01571 1.01414 1.01316
387073 1.02043 1.01465 1.02696 1.02225 1.0177 1.01179 1.01452 1.0135
387076 1.0231 1.01549 1.0257 1.02582 1.01448 1.01431 1.01288 1.01506
387077 1.02552 1.01062 1.02516 1.0238 1.01444 1.01341 1.01734 1.01831
387078 1.01767 1.01084 1.01785 1.0227 1.01004 1.01253 1.01294 1.01209
387081 1.03083 1.0168 1.02147 1.02367 1.00653 1.01532 1.00814 1.01404
387082 1.01798 0.997205 1.01245 1.02131 1.03304 1.02575 1.00958 1.01505
387083 1.02735 1.01383 1.02898 1.02761 1.01 1.00671 1.01652 1.00975
387086 1.02664 1.02019 1.01149 1.01802 1.00916 1.00051 1.00867 1.02013
387128 1.02489 1.01652 1.02494 1.02375 1.01436 1.01724 1.01474 1.01711
387129 1.02009 1.01468 1.02399 1.02453 1.01671 1.01824 1.0154 1.01908
387131 1.02059 1.01279 1.02156 1.02177 1.01304 1.00672 1.01476 1.0142
387138 1.02054 1.01331 1.02054 1.02273 1.01532 1.01336 1.0127 1.01463
387139 1.02152 1.01082 1.02159 1.02395 1.02121 1.01924 1.01483 1.01468
387227 1.01963 1.01287 1.02276 1.02181 1.0145 1.01396 1.01621 1.01503
387247 1.02917 1.02284 1.02815 1.02808 1.01478 1.01938 1.02535 1.02799
387250 1.02592 1.02208 1.02205 1.02734 1.0115 1.01905 1.02559 1.02287
387290 1.01758 1.01111 1.0159 1.01888 1.01274 1.01162 1.01471 1.01507
387292 1.02091 1.01434 1.02047 1.02343 1.01203 1.0114 1.01794 1.01705
387412 1.0223 1.02046 1.02302 1.02305 1.01465 1.01849 1.02104 1.0201
387414 1.01937 1.01414 1.02101 1.0199 1.01075 1.01614 1.01804 1.01832
387423 1.01827 1.01057 1.01993 1.0213 1.00625 1.00904 1.01457 1.01427
387424 1.01965 1.01007 1.01996 1.02343 1.01024 1.01073 1.01816 1.01661
387428 1.01856 1.01059 1.01644 1.01991 1.00792 1.0142 1.01497 1.01624
387430 1.0215 1.01475 1.02148 1.02199 1.01347 1.01297 1.0177 1.01694
387431 1.02072 1.01582 1.01988 1.02125 1.0135 1.01668 1.01833 1.01687
387433 1.02121 1.01638 1.02191 1.02113 1.01465 1.01381 1.01805 1.01749
387436 1.02395 1.01574 1.02059 1.02644 1.01859 1.01231 1.02051 1.021
387539 1.01718 1.01123 1.01816 1.01968 1.01711 1.01492 1.01234 1.01166
387541 1.01716 1.01094 1.01865 1.02126 1.01557 1.01462 1.01331 1.01316
387543 1.01564 1.00877 1.01895 1.01896 1.01691 1.01361 1.01007 1.01253
387546 1.01712 1.00697 1.02133 1.01937 1.01885 1.01627 1.00878 1.01442
387550 1.01997 1.00916 1.01994 1.02042 1.01746 1.01398 1.0144 1.0139
387551 1.01931 1.01218 1.02098 1.0225 1.01647 1.01455 1.01482 1.01724
387552 1.02035 1.00901 1.02464 1.02511 1.01443 1.01831 1.01845 1.01871
387557 1.01689 1.00859 1.01848 1.01833 1.01314 1.01558 1.01406 1.013
387558 1.01989 1.01109 1.02352 1.02082 1.01573 1.01368 1.01534 1.01669
387560 1.01467 1.00969 1.0185 1.01874 1.01581 1.01209 1.00933 1.01249
387561 1.01422 1.00683 1.01908 1.02039 1.01589 1.01323 1.01225 1.01706
387564 1.01425 1.00501 1.01597 1.01589 1.01965 1.01462 1.00879 1.01104
387565 1.02104 1.01019 1.02245 1.02179 1.01884 1.01679 1.01102 1.01365
387566 1.01711 1.01245 1.02054 1.02151 1.01786 1.01471 1.00791 1.01157
387570 1.01395 1.01341 1.0222 1.02079 1.02176 1.01088 1.00925 1.01308
387571 1.01812 1.0121 1.02241 1.02257 1.01708 1.01513 1.01197 1.01347
387649 1.01434 1.00699 1.01829 1.01437 1.01437 1.01235 1.00835 1.01112
387651 1.01735 1.00833 1.018 1.01761 1.017 1.01351 1.00918 1.01055
387658 1.01642 1.00796 1.01359 1.01705 1.01384 1.01577 1.00961 1.00972
387659 1.01851 1.01091 1.01811 1.01972 1.01638 1.01507 1.00928 1.01311
387660 1.01649 1.00922 1.01868 1.01857 1.01585 1.01223 1.00896 1.01295
387661 1.0212 1.01206 1.02026 1.02213 1.01643 1.01631 1.01333 1.01422
387666 1.01847 1.00916 1.01976 1.01895 1.01196 1.01224 1.01323 1.0152
387668 1.02044 1.01369 1.02034 1.02 1.01329 1.01543 1.01413 1.0149
387669 1.02058 1.01299 1.01909 1.0208 1.01516 1.01545 1.01418 1.01562
387670 1.01877 1.01236 1.01799 1.01934 1.0161 1.01477 1.0123 1.01357
387672 1.01933 1.01447 1.02262 1.0208 1.01835 1.0152 1.01025 1.01189
387673 1.01972 1.01333 1.01979 1.02059 1.01641 1.01551 1.01327 1.01392
387674 1.01816 1.01238 1.01686 1.019 1.0174 1.01556 1.01135 1.01283
387676 1.01897 1.01102 1.01666 1.01895 1.01577 1.0178 1.01053 1.01294
387710 1.01591 1.0096 1.01572 1.01624 1.01501 1.01446 1.00869 1.01068
387713 1.03014 0.283441 1.00835 1.03307 1.0263 1.61606 1.01679 1.02178
387724 1.01867 1.01141 1.02023 1.01882 1.01422 1.01393 1.0137 1.01502
387725 1.0212 1.01481 1.0163 1.02112 1.01675 1.01595 1.01401 1.01435
387784 1.01333 1.01038 1.01403 1.01651 1.01369 1.01334 1.00846 1.01079
387785 1.01866 1.0145 1.01935 1.02152 1.01401 1.01385 1.01223 1.01645
387787 1.0203 1.01626 1.02258 1.0206 1.01375 1.01213 1.013 1.01773
387788 1.02117 1.0253 1.02402 1.02521 1.01961 1.01981 1.01964 1.02116
387790 1.0201 1.01576 1.02024 1.01896 1.01392 1.01483 1.01294 1.01588
387792 1.01515 1.01127 1.01636 1.01739 1.01525 1.01402 1.00822 1.01315
387793 1.01594 1.01207 1.01525 1.01682 1.01569 1.01335 1.0102 1.0124
387801 1.01892 1.01571 1.02144 1.02197 1.0142 1.01215 1.01107 1.01597
387802 1.01747 1.00903 1.01559 1.01665 1.01558 1.01514 1.00761 1.01133
387803 1.01727 1.01051 1.01837 1.01913 1.01594 1.01135 1.00728 1.01156
387806 1.01852 1.01108 1.017 1.01877 1.01615 1.01487 1.00683 1.01278
387808 1.01909 1.01322 1.02056 1.0219 1.0169 1.01325 1.011 1.01508
387809 1.01602 1.01083 1.01913 1.01645 1.01871 1.01376 1.00664 1.0101
387963 1.01448 1.00535 1.01502 1.01591 1.01486 1.01248 1.00559 1.00734
387966 1.0138 1.00622 1.01575 1.01558 1.01077 1.01655 1.00219 1.00573
387967 1.01519 1.0063 1.01638 1.01686 1.01438 1.01363 1.00513 1.00887
387968 1.01597 1.00817 1.01677 1.01955 1.01527 1.01414 1.00565 1.00918
387969 1.01827 1.01122 1.01538 1.01482 1.01795 1.01413 1.00512 1.01055
388004 1.01476 1.00519 1.01565 1.01534 1.00779 1.00868 1.00905 1.00894
388019 1.01329 1.00603 1.01571 1.01486 1.01455 1.01437 1.00471 1.00814
388020 1.01907 1.00989 1.0148 1.01965 1.01754 1.01928 1.006 1.00955
388021 1.01405 1.00422 1.01772 1.01545 1.01621 1.01528 1.00428 1.00925
388022 1.01294 1.00301 1.01478 1.01489 1.01342 1.0126 1.004 1.00693
388023 1.01555 1.00527 1.01487 1.01791 1.01582 1.01427 1.00583 1.00803
388038 1.01401 1.00744 1.01509 1.01774 1.01338 1.01422 1.0057 1.00904
388039 1.01277 1.00573 1.01414 1.01808 1.01481 1.01324 1.00467 1.0083
388042 1.01615 1.00669 1.01595 1.01747 1.01669 1.01659 1.00917 1.0086
388047 1.01391 1.00919 1.01502 1.01753 1.01498 1.0143 1.00536 1.00967
388050 1.0147 1.00948 1.01587 1.01704 1.01397 1.01376 1.00582 1.01051
388051 1.01475 1.00816 1.0157 1.01542 1.01547 1.01429 1.00703 1.01019
388052 1.01413 1.00879 1.01715 1.01629 1.01551 1.01466 1.00585 1.01217
388261 1.01206 1.00889 1.01622 1.01486 1.01026 1.0128 1.00386 1.00964
388263 1.01125 1.00782 1.01451 1.01522 1.01322 1.01182 1.00253 1.0075
388264 1.00979 1.01038 1.01717 1.01405 1.01189 1.02032 1.00026 1.00751
388265 1.01244 1.0108 1.01549 1.01837 1.01429 1.01276 1.00332 1.01177
388266 1.01515 1.01151 1.01684 1.01833 1.01314 1.01238 1.00625 1.01099
388403 1.01027 1.00721 1.01416 1.01832 1.01071 1.01093 1.00357 1.00788
388404 1.01536 1.00947 1.01652 1.01843 1.01576 1.0135 1.00584 1.01193
388405 1.0141 1.00693 1.01534 1.01779 1.0149 1.01288 1.00564 1.01105
388495 1.01073 1.00692 1.01471 1.01658 1.01415 1.0146 1.00245 1.00902
388536 1.00661 1.00417 1.0119 1.01517 1.01302 1.01249 0.999263 1.0069
388537 1.01224 1.00956 1.01829 1.01317 1.01153 1.01223 1.0017 1.00665
388538 1.01126 1.00459 1.01434 1.01578 1.01292 1.00923 0.999712 1.01002
388539 1.01195 1.00781 1.01547 1.01662 1.01225 1.01275 1.0033 1.00927
388540 1.01204 1.0086 1.0167 1.01651 1.01416 1.01215 1.00368 1.00919
388541 1.00829 1.00523 1.01182 1.01278 1.01368 1.0123 1.00004 1.00637
388545 1.00977 1.00901 1.01438 1.01486 1.01127 1.01587 1.00267 1.0069
388547 1.01149 1.00782 1.01604 1.01668 1.01449 1.01501 1.00133 1.009
388548 1.01133 1.00702 1.01262 1.01642 1.0167 1.01574 1.00169 1.0073
388632 1.00933 1.00428 1.01032 1.01244 1.01318 1.01331 1.00088 1.00626
388633 1.01142 1.00689 1.01166 1.01244 1.01511 1.01216 1.00264 1.00767
388634 1.00789 1.00245 1.00941 1.01058 1.01286 1.01067 0.999969 1.00555
388638 1.00579 1.00313 1.00935 1.00978 1.01276 1.01103 1.00009 1.00205
388640 1.00662 1.00307 1.00916 1.01539 1.01569 1.01576 0.999354 1.00384
388690 0.986097 0 1 1 1 1 1 1
388692 1.00611 1.00023 1.00941 1.00927 1.01384 1.01112 0.999908 1.00289
388693 1.00686 1.00092 1.00846 1.0096 1.01259 1.01147 0.998998 1.00421
388694 1.00928 1.00321 1.01221 1.01356 1.0133 1.01216 1.0007 1.00594
388696 1.01066 1.00679 1.01398 1.014 1.01763 1.01104 0.998533 1.00615
388697 1.00719 1.00326 1.00764 1.01034 1.01338 1.01145 0.999461 1.00502
388698 1.00826 1.00248 1.00952 1.01192 1.01377 1.01322 1.00061 1.00617
388699 1.00472 0.999847 1.00998 1.01304 1.0167 1.01312 0.999552 1.00532
388700 1.00935 1.00251 1.00972 1.01302 1.01384 1.01161 1.00382 1.00731
388720 1.01457 1.00599 1.01577 1.01542 1.01359 1.01084 1.00312 1.00893
388721 1.00818 0.999532 1.009 1.01268 1.01486 1.01252 1.00007 1.00473
388723 1.00573 0.999372 1.00514 1.01066 1.01068 1.00837 0.997651 1.00354
388724 1.00891 1.0047 1.01248 1.01271 1.01256 1.01276 1.00263 1.00769
388726 1.00949 1.00397 1.01081 1.01255 1.01371 1.01149 0.999511 1.00519
388742 1.00745 0.99744 1.01058 1.01486 1.00863 1.01006 0.999763 0.999062
388743 1.00842 1.00148 1.01035 1.0119 1.01109 1.01312 0.997418 1.00212
388744 1.00662 0.997755 1.0067 1.00659 1.01762 1.01638 0.995602 0.999251
388745 1.00967 1.0041 1.01074 1.01244 1.01473 1.01268 0.998205 1.00393
388837 1.00476 0.998326 1.00758 1.00841 1.0099 1.00897 0.994925 1.00065
388838 1.00839 1.00231 1.00981 1.01062 1.01023 1.01077 0.994636 0.999259
388839 1.0116 1.00191 1.00946 1.01086 1.0166 1.01194 0.997537 1.00142
388840 1.01112 1.00216 1.01142 1.01437 1.0102 1.01458 1.00203 1.00649
388858 1.00884 0.998993 1.00743 1.00603 1.01231 1.01146 0.996352 1.00063
388859 1.00293 0.996664 1.00803 1.00688 1.01103 1.01144 0.995338 1.00029
388860 1.00456 0.998898 1.00798 1.01003 1.0101 1.01185 0.996063 1.00006
388862 1.00319 0.996805 1.00473 1.00698 1.01251 1.01384 0.993206 0.998455
388863 1.00424 0.998316 1.00668 1.007 1.01238 1.01059 0.994151 0.999252
388864 1.00676 0.998839 1.00872 1.01019 1.0144 1.0151 0.996424 1.00346
388865 1.00342 0.997413 1.00722 1.00857 1.01071 1.01032 0.995988 1.00053
388866 1.00259 0.995407 1.00436 1.00602 1.01103 1.00973 0.992481 0.998306
388978 1.00184 0.996129 1.00523 1.01267 1.01545 1.01354 1.00648 -1
388980 1.00818 1.00312 1.01287 1.01692 1.01096 1.01589 1.01195 -1
388981 1.00856 1.00432 1.00852 1.01893 1.01479 1.01087 1.00964 -1
388984 1.01241 1.00668 1.01422 1.01977 1.014 1.0132 1.01202 -1
388985 1.01137 1.00587 1.01478 1.01958 1.01434 1.01396 1.01157 -1
388986 1.01183 1.00702 1.01348 1.01688 1.01269 1.01491 1.00903 -1
389119 1.00571 1.0009 1.00862 1.00837 1.01159 1.01189 0.994873 1.00328
389120 1.00678 1.00112 1.00755 1.00893 1.01209 1.01264 0.998889 1.00369
389121 1.0048 1.00027 1.00669 1.00787 1.01259 1.01282 0.994031 1.00114
389122 1.00443 0.998121 1.00471 1.00781 1.01295 1.01209 0.995038 1.00161
389123 1.00566 0.997845 1.00355 1.00527 1.01363 1.01326 0.992615 0.999477
389124 1.0054 0.998835 1.00428 1.00654 1.01272 1.01196 0.994572 1.00092
389126 1.00672 0.998863 1.00384 1.00697 1.01284 1.01117 0.996127 1.00087
389252 1.00308 0.998697 1.0039 1.00673 1.01099 1.01085 0.991713 1.00118
389257 1.0037 0.996809 1.00133 1.00513 1.01298 1.01226 0.990782 0.997722
389320 1.00415 0.999779 1.00308 1.00541 1.01096 1.01075 0.998376 1.00444
389321 1.00432 1.00033 1.00237 1.00897 1.01124 1.01411 0.997224 1.00307
389322 1.00164 0.997897 1.00362 1.00357 1.01018 1.01521 0.9962 1.0017
389323 1.0044 1.00001 1.00348 1.00616 1.01186 1.01025 0.9965 1.00185
389324 1.00261 0.999971 1.00156 1.0044 1.01279 1.01348 0.995553 1.00108
389325 1.00238 0.9988 1.00717 1.00774 1.01452 1.01429 0.998265 1.00188
389326 1.00387 0.999514 1.00275 1.00658 1.01317 1.01087 0.997066 1.0026
389327 1.00293 0.997598 1.00208 1.00543 1.01424 1.0121 0.996639 1.00106
389334 1.00436 0.999691 1.00338 1.00878 1.01258 1.01144 0.996216 1.00281
389335 1.00399 0.99597 0.997685 1.0063 1.00969 1.01004 0.995508 1.00139
389336 0.999306 0.994166 1.0003 1.00317 1.00989 1.00802 0.994179 0.997056
389338 0.999508 0.99498 0.998145 1.00161 1.00995 1.01051 0.993794 0.996416
389339 1.00026 0.995328 1.00116 1.002 1.01009 1.00784 0.995195 0.998346
389424 0.998494 0.995704 0.998673 1.00332 1.00942 1.00773 0.995341 0.996943
389434 1.00115 0.99635 1.00066 1.00402 1.01353 1.01182 0.993634 0.999763
389435 1.00183 0.997672 1.00131 1.00378 1.01384 1.0124 0.995094 0.998869
389436 1.00414 0.998708 1.0013 1.00333 1.0149 1.01315 0.994762 0.999134
389444 0.998063 0.99431 0.998917 1.00301 1.01096 1.0091 0.989729 0.996537
389445 0.998662 0.995867 1.00037 1.0024 1.01188 1.0099 0.995192 0.997408
389446 0.998161 0.994334 0.999046 1.0003 1.01025 1.00757 0.990386 0.996804
389447 0.996916 0.990262 0.98953 0.999882 1.00559 1.00601 0.991719 0.994514
389471 1.01233 1.00157 1.00472 1.00556 1.01241 1.01041 1.0185 1.01109
389557 1.00881 0.997921 1.00321 1.0041 1.01114 1.00975 1.01621 1.00792
389558 1.00833 0.997965 1.00177 1.00197 1.01054 1.01035 1.01442 1.00666
389559 1.00871 0.998759 1.00314 1.00416 1.01214 1.011 1.0157 1.00769
389560 1.0076 0.996894 0.999234 1.00301 1.01188 1.01061 1.01555 1.00662
389562 1.01177 1.00157 1.00294 1.00192 1.01215 1.00925 1.0188 1.01162
389570 1.01203 1.00005 1.00288 1.00459 1.01066 1.00987 1.02489 1.01213
389571 1.01427 1.00042 1.00208 1.00527 1.01391 1.01133 1.02575 1.01312
389573 1.01133 1.00133 1.00607 1.00796 1.01296 1.00981 1.02602 1.01165
389575 1.01409 1.00312 1.00717 1.00802 1.0117 1.0125 1.02792 1.01666
389576 1.01082 0.999353 1.00293 1.00393 1.01215 1.01108 1.02428 1.00959
389577 1.01267 1.00194 1.00518 1.00618 1.01325 1.01159 1.02494 1.01167
389578 1.01199 1.00331 1.00478 1.0064 1.01332 1.01135 1.02424 1.0116
389579 1.00947 0.998295 1.00105 1.00283 1.01028 1.01117 1.02376 1.00985
389586 1.01541 1.00469 1.00579 1.00851 1.01373 1.01218 1.02721 1.01609
389587 1.01471 1.00646 1.00577 1.00945 1.01373 1.01399 1.02987 1.01679
389588 1.01427 1.00551 1.00501 1.00688 1.01252 1.0135 1.02922 1.01585
389589 1.01357 1.00553 1.00618 1.00877 1.01294 1.01404 1.02882 1.01657
389590 1.01429 1.00714 1.00546 1.0092 1.01375 1.0126 1.02922 1.01708
389702 1.01566 1.00901 1.00504 1.00832 1.01421 1.01219 1.0284 1.01704
389703 1.01689 1.00823 1.0069 1.00963 1.01412 1.01199 1.02789 1.01741
389750 1.01062 0.999805 1.00313 1.00378 1.01102 1.01018 1.02374 1.01356
389752 1.01536 1.00616 1.00456 1.00768 1.01395 1.01339 1.02567 1.01502
389755 1.01741 1.01199 1.00871 1.01327 1.01181 1.01362 1.03112 1.02114
389756 1.01759 1.00972 1.00669 1.00964 1.01466 1.01552 1.02816 1.01636
389758 1.02087 1.01356 1.01148 1.01272 1.01482 1.01443 1.03015 1.02016
389759 1.01524 1.00822 1.00567 1.00915 1.01337 1.01227 1.02624 1.01677
389760 1.02036 1.01254 1.01096 1.01198 1.01327 1.01307 1.03117 1.01958
389761 1.01567 1.00727 1.00507 1.00666 1.01394 1.01229 1.0267 1.01457
389762 1.01334 1.0064 1.00519 1.00672 1.01296 1.0119 1.02423 1.015
389765 1.01404 1.00691 1.00512 1.00754 1.01293 1.01173 1.02571 1.01577
389766 1.01419 1.00594 1.00489 1.00628 1.01202 1.01187 1.02723 1.0155
389767 1.01724 1.01016 1.00571 1.01156 1.01405 1.01218 1.02843 1.0183
389768 1.01656 1.00911 1.0044 1.00823 1.01434 1.01123 1.02492 1.01473
389904 1.01655 1.01403 1.01027 1.00839 1.01236 1.01767 1.03595 1.02244
389906 1.01342 1.01012 1.00558 1.00479 1.01476 1.01589 1.03207 1.01806
389907 1.01718 1.0138 1.01036 1.00907 1.01303 1.01424 1.03511 1.02255
389908 1.01807 1.01563 1.0106 1.01 1.01357 1.01449 1.03636 1.02267
389909 1.01632 1.01587 1.01022 1.00942 1.01411 1.01634 1.03485 1.02195
390026 1.01146 1.00655 1.0044 1.00685 1.0139 1.0156 1.02341 1.01458
390029 1.00922 1.0034 1.00478 1.00316 1.01225 1.01218 1.02188 1.01328
390030 1.01284 1.00698 1.00625 1.00664 1.01317 1.01221 1.02266 1.01416
390031 1.0143 1.00986 1.00584 1.00777 1.01487 1.01278 1.02394 1.01492
390032 1.0104 1.00598 1.00545 1.00544 1.01352 1.01432 1.02206 1.01306
390033 1.01242 1.00723 1.00243 1.00826 1.01249 1.01281 1.0234 1.01479
390038 1.01138 1.00698 1.0088 1.00632 1.01614 1.01026 1.02468 1.0152
390039 1.00992 1.00428 1.00392 1.0054 1.01295 1.01163 1.02092 1.01263
390174 1.0128 1.00884 1.00758 1.00847 1.01315 1.01255 1.02504 1.01791
390175 1.00702 1.00581 1.00155 1.0032 1.01545 1.0133 1.02179 1.01205
390176 1.01023 1.00348 1.00265 1.00407 1.01535 1.01181 1.02204 1.01431
390230 1.00963 1.00591 1.00479 1.0035 1.01314 1.00946 1.02451 1.01594
390231 1.01282 1.00953 1.00566 1.00659 1.01366 1.01141 1.02697 1.01766
390232 1.01318 1.01213 1.0057 1.00909 1.01453 1.01267 1.02729 1.01834
390234 0.972128 1.00784 1.00566 1.00833 1.01476 1.01562 1.03132 1.01796
390236 1.00764 1.01552 1.00886 1.00489 1.01624 1.01154 1.02973 1.01787
390237 1.01279 1.01033 1.00678 1.00812 1.01595 1.01215 1.02511 1.01626
390239 1.01095 1.00882 1.00485 1.00709 1.01637 1.01396 1.02307 1.01547
390306 1.00954 1.00454 1.00438 1.00774 1.01269 1.01018 1.022 1.0157
390311 1.00677 1.00168 1.00296 1.00184 1.00995 1.01179 1.01777 1.01208
390312 1.01057 1.00584 1.00557 1.00606 1.01251 1.01412 1.01991 1.01302
390313 1.00846 1.00495 1.00491 1.00713 1.01236 1.01082 1.0187 1.01283
390314 1.00363 0.999968 1.00184 1.00205 1.01057 1.00885 1.01387 1.00807
390315 1.00818 1.00272 1.00285 1.00457 1.00962 1.00908 1.01675 1.0109
390316 1.00725 1.00314 1.00139 1.00392 1.01045 1.00905 1.01684 1.01167
390318 1.00488 1.00018 1.00138 1.0015 1.01204 1.0098 1.01466 1.00841
390319 1.00549 0.997789 1.00237 0.999569 1.0124 1.01134 1.01416 1.0091
390418 1.00704 1.0007 1.00408 1.00272 1.01256 1.00921 1.01498 1.00988
390419 1.00302 0.996236 1.00067 0.998757 1.01146 1.00936 1.01257 1.00754
390421 1.00549 0.997472 1.00113 1.0015 1.01227 1.01174 1.01474 1.00863
390422 1.00439 0.997254 0.998996 0.99954 1.01262 1.0104 1.01331 1.00768
390423 1.00387 0.997592 0.998911 0.999577 1.0129 1.01178 1.01232 1.0079
390424 1.00685 0.999108 1.00061 1.00236 1.01332 1.01086 1.01347 1.00904
390425 1.0051 0.998821 0.999572 1.00077 1.01182 1.01122 1.01288 1.00696
390507 1.00343 0.995483 0.998827 1.00126 1.01208 1.01339 1.01528 1.00833
390510 1.00458 0.996932 0.999058 1.0013 1.01406 1.01176 1.01508 1.00857
390511 1.00336 0.997411 1.0014 1.00355 1.01479 1.0109 1.01581 1.01099
390512 1.007 0.999573 1.00346 1.00173 1.01576 1.01155 1.01625 1.00886
390515 1.00861 1.00045 1.00007 1.00507 1.01601 1.01626 1.01663 1.01065
390517 1.00737 0.999432 1.00087 1.0036 1.01462 1.01407 1.01634 1.00958
390518 1.00198 0.993786 0.996746 0.998701 1.01397 1.01218 1.01202 1.00585
390519 1.0046 1.00108 0.999319 1.00165 1.01639 1.01246 1.01269 1.00929
390537 1.00213 0.993646 0.996378 0.998339 1.01224 1.01119 1.01095 1.00564
390538 1.00421 0.996595 0.999504 1.00207 1.01395 1.01031 1.0123 1.00751
390539 1.0063 0.999459 1.00275 1.00271 1.01476 1.01408 1.01456 1.00977
390540 1.00351 0.997217 0.99981 1.0007 1.01404 1.01297 1.01143 1.00597
390541 1.0059 0.999649 1.00057 1.00348 1.01473 1.01265 1.0145 1.0092
390542 1.00252 0.998293 1.00447 1.00758 1.01611 1.01347 1.01129 1.00561
390613 0.997711 0.991267 0.995939 0.995476 1.00767 1.00639 1.00449 0.998111
390615 0.996301 0.99076 0.993078 0.998927 1.01156 1.00751 1.00712 1.00005
390653 0.99848 0.994409 0.998268 0.999463 1.01315 1.00923 1.01027 1.00373
390667 1.00303 0.99763 1.00172 1.00489 1.01234 1.01194 1.01432 1.00641
390669 1.00171 0.994728 0.999189 1.00358 1.01326 1.01549 1.0134 1.00543
390670 1.00237 0.996958 1.0014 1.00484 1.01295 1.01044 1.01374 1.00732
390674 1.00196 0.999225 1.00285 1.00471 1.01489 1.01468 1.0132 1.00631
390677 1.00293 0.998363 1.00425 1.00576 1.01703 1.01396 1.01264 1.00442
390942 1.00019 0.997298 0.99996 0.997523 1.01202 1.01272 1.00667 1.00293
390943 0.999501 0.994763 0.997492 0.998174 1.01423 1.01467 1.00917 1.00386
390944 1.00449 1.00111 1.00274 1.00493 1.01613 1.01518 1.01363 1.0085
390946 0.999763 0.994886 0.996231 0.998447 1.01129 1.01398 1.01278 1.00596
390952 1.0048 0.992623 1.00171 1.00083 1.01473 1.01738 1.02047 -1
390954 0.998209 0.997563 0.995465 1.00061 1.01488 1.01241 1.01437 -1
390955 1.00344 0.996344 0.998925 1.00225 1.01488 1.01337 1.01012 -1
390958 1.00182 1.00389 1.00154 0.998472 1.01108 1.00986 1.01196 1.00573
390959 1.00153 0.998031 0.998889 1.0009 1.01368 1.01081 1.01405 -1
390961 1.00251 0.994448 0.99579 0.998847 1.01715 1.01499 1.01228 1.00607
390962 1.00337 0.998996 1.0017 0.999191 1.01657 1.01468 1.01513 1.00785
390963 1.00021 0.994409 0.996917 0.997713 1.01459 1.01027 1.01299 1.00602
390964 1.00288 0.99932 0.999397 1.00152 1.01497 1.01368 1.01541 1.00752
390965 0.996181 0.991606 0.990592 0.994067 1.01455 1.01577 1.00909 1.0012
390966 0.999015 0.995793 0.997047 0.998468 1.01465 1.01506 1.01008 1.00432
391036 0.997303 0.991993 0.991507 0.994979 1.01592 1.01428 1.00854 1.00067
391041 1.00601 1.00146 1.00404 1.00498 1.01527 1.01318 1.01555 1.01007
391047 0.998977 0.998127 0.995992 0.998456 1.01167 1.01672 1.01167 1.00581
391048 0.998014 0.99482 0.993617 0.999069 1.01745 1.00921 1.01182 1.00472
391049 0.998597 0.993309 0.995448 0.997932 1.01555 1.01414 1.01046 1.0038
391050 1.00002 0.996872 0.996871 1.00066 1.01368 1.01302 1.01135 1.00505
391051 0.997835 0.994126 0.994371 0.997502 1.01713 1.01529 1.00972 1.0027
391100 1.00227 0.997142 0.999322 1.00159 1.01429 1.01139 1.01448 1.00792
391167 1.00491 0.99336 0.994585 1.00277 1.02225 1.02014 1.01257 1.00638
391169 1.00411 0.996786 0.998822 1.00097 1.02207 1.0173 1.01332 1.00645
391170 1.0026 0.995153 0.997611 1.00001 1.0183 1.01468 1.01358 1.00729
391173 1.0034 0.996358 0.997286 0.999379 1.01996 1.01587 1.01281 1.00629
391174 1.0018 0.996156 0.998088 1.00118 1.01901 1.01512 1.01348 1.0066
391175 1.00072 0.995078 0.998209 0.99981 1.01588 1.01436 1.01302 1.00673
391177 0.996605 0.993551 0.992972 0.995385 1.01541 1.01251 1.00969 1.0017
391288 0.993878 0.993152 0.994728 0.994134 1.01079 1.01691 1.00918 1.00053
391291 1.00017 0.996583 0.997161 0.998168 1.01445 1.01213 1.01189 1.00507
391293 1.00117 0.995705 0.997945 0.997976 1.01534 1.01302 1.01556 1.00386
391296 0.993038 0.987212 0.99185 0.993322 1.01455 1.01314 1.00768 0.998143
391371 0.996918 0.991954 0.992449 0.99582 1.01471 1.01223 1.01049 1.00163
391372 0.997667 0.993063 0.993157 0.999738 1.01106 1.01702 1.01289 1.00412
391374 0.995646 0.991658 0.98984 0.99455 1.01256 1.01271 1.01128 1.00064
391375 0.997821 0.99458 0.993185 0.997473 1.0131 1.01292 1.01423 1.00413
391376 0.997537 0.992704 0.991424 0.993079 1.00984 1.0106 1.01038 1.00241
391377 0.99839 0.994526 0.99396 0.998856 1.01388 1.01184 1.01116 1.00407
391442 1.00172 0.998976 0.998415 1.00114 1.01479 1.01536 1.01454 1.00677
391445 1.00306 0.997362 0.998356 1.00227 1.0141 1.01557 1.01474 1.00735
391446 1.00525 1.00219 1.00275 1.00304 1.01519 1.01476 1.01784 1.00947
391447 1.00236 0.999084 0.998146 1.00124 1.01631 1.0149 1.01457 1.007
391449 1.00094 0.998072 0.99594 0.999799 1.01509 1.01548 1.01267 1.0063
391450 0.998952 0.994694 0.99542 0.997051 1.01606 1.01855 1.01347 1.00248
391465 0.999836 0.993457 0.991188 0.996813 1.01467 1.01282 1.01057 1.0024
391466 1.00036 0.998408 0.996969 0.998974 1.01738 1.01345 1.01071 1.00656
391467 0.998904 0.994573 0.99322 0.997236 1.01433 1.01468 1.01075 1.0042
391468 0.994217 0.990736 0.989652 0.993253 1.01159 1.01043 1.00805 0.999023
391469 0.994013 0.988887 0.988821 0.992762 1.0116 1.011 1.00823 0.999412
391470 0.996328 0.991221 0.990813 0.995181 1.00989 1.01136 1.00756 0.999776
391471 0.997447 0.996784 0.995146 0.998465 1.01324 1.01368 1.01321 1.00473
391566 0.996868 0.992627 0.99143 0.993206 1.01453 1.01169 1.0094 1.00053
391567 1.00112 0.99813 0.99563 0.998539 1.01475 1.01354 1.0145 1.00515
391569 1.00206 0.99921 1.00256 1.00494 1.01751 1.01621 1.01618 1.00915
391573 0.997258 0.992202 0.991635 0.994175 1.01499 1.01372 1.00873 1.00102
391579 0.995807 0.991826 0.992829 0.995208 1.01439 1.01278 1.00986 1.00054
391580 0.996954 0.992408 0.989717 0.995368 1.00991 1.01177 1.01018 1.00172
391583 0.996875 0.991387 0.993101 0.994508 1.01513 1.01344 1.01016 1.00219
391584 0.996668 0.996522 0.996088 0.996425 1.01502 1.01146 1.01237 1.00018
391585 0.995516 0.987853 0.989785 0.991369 1.0134 1.01323 1.00575 0.997388
391588 0.996988 0.995047 0.992289 0.995923 1.01289 1.01069 1.01033 1.00107
391722 0.991927 0.979939 0.985304 0.988794 1.0152 1.01509 1.00665 0.996239
391728 1.00078 0.987439 0.99226 0.995986 1.0189 1.01842 1.01574 1.00313
391813 0.986539 0.978904 0.975185 0.97985 1.01426 1.01422 1.01877 1.00014
391815 0.984305 0.976189 0.969291 0.974183 1.01397 1.01123 1.01275 0.995238
391816 0.988363 0.977658 0.972013 0.977885 1.01484 1.01364 1.01389 0.996123
391817 0.983257 0.975523 0.972751 0.977782 1.01457 1.0131 1.01514 0.996257
391818 0.988665 0.979312 0.976104 0.978128 1.01174 1.01241 1.01565 0.999035
391819 0.986872 0.979061 0.976944 0.979715 1.01484 1.01158 1.01918 1.00072
391857 0.988992 0.978501 0.974074 0.978873 1.0165 1.01318 1.01629 0.999326
391860 0.987796 0.980054 0.975813 0.978565 1.01604 1.01496 1.01629 1.00009
391861 0.988969 0.980464 0.975139 0.978907 1.01672 1.01651 1.01809 1.00008
391862 0.989555 0.979589 0.982885 0.986926 1.01693 1.01399 1.01557 1.00183
391863 0.989473 0.987108 0.984012 0.986155 1.0188 1.01738 1.01794 1.00261
391868 0.985012 0.973094 0.976703 0.983332 1.01566 1.01436 1.01468 0.998064
391869 0.987958 0.977111 0.979349 0.985189 1.01817 1.01727 1.01501 0.999858
391870 0.982817 0.974692 0.977781 0.981688 1.0164 1.01715 1.01144 0.997159
391871 0.985592 0.975998 0.979003 0.982109 1.01452 1.01439 1.01491 0.998074
391872 0.987834 0.978024 0.980957 0.984572 1.01485 1.01404 1.01582 0.998627
391873 0.98525 0.975746 0.9776 0.982346 1.01587 1.0142 1.01354 0.996716
391875 0.987541 0.976937 0.979162 0.985212 1.01712 1.01565 1.01552 0.999431
391876 0.988081 0.980798 0.980443 0.984367 1.01399 1.01602 1.01614 0.999212
391966 0.984108 0.97283 0.97614 0.980772 1.01394 1.01335 1.01012 0.993903
391967 0.981006 0.967943 0.972046 0.976544 1.01361 1.01221 1.00698 0.989073
391968 0.975662 0.961442 0.965772 0.971261 1.01071 1.01002 1.00323 0.985389
391969 0.973423 0.960499 0.965291 0.971141 1.00983 1.00962 1.00179 0.983445
391970 0.981813 0.968307 0.973195 0.977551 1.0121 1.0098 1.00939 0.991121
391982 0.981979 0.970892 0.976718 0.979415 1.01299 1.01166 1.01159 0.99334
391998 0.982333 0.974581 0.979292 0.984674 1.01114 1.0105 1.01565 0.997036
392014 0.984387 0.972437 0.974994 0.980971 1.01589 1.01399 1.01254 0.993533
392015 0.986407 0.975998 0.978177 0.984064 1.01665 1.01538 1.01422 0.996048
392021 0.990848 0.980497 0.983673 0.988128 1.01841 1.01785 1.01679 1.00178
392022 0.987374 0.974933 0.977241 0.985006 1.01767 1.01712 1.01289 0.996586
392023 0.987907 0.978463 0.980205 0.986235 1.01804 1.018 1.01311 0.997565
392026 0.986162 0.97687 0.97987 0.984856 1.0167 1.01204 1.01502 0.999246
392027 0.986862 0.976415 0.979065 0.98562 1.01825 1.01583 1.01093 0.997256
392028 0.989474 0.98176 0.985885 0.98844 1.01965 1.01666 1.01281 1.00179
392096 0.984645 0.97295 0.977635 0.982787 1.0196 1.01841 1.01192 0.9958
392097 0.984437 0.978404 0.979115 0.983147 1.01932 1.01788 1.01679 0.999196
392098 0.985896 0.978327 0.979198 0.984572 1.01739 1.01729 1.0143 0.997147
392100 0.983464 0.973023 0.975676 0.982116 1.01764 1.01666 1.01027 0.993555
392102 0.981502 0.969511 0.974927 0.978087 1.01816 1.01591 1.01065 0.992912
392103 0.984878 0.97413 0.980869 0.984461 1.02067 1.01852 1.016 0.998593
392104 0.985662 0.976337 0.977152 0.984912 1.01736 1.01705 1.01471 0.998055
392106 0.982795 0.973371 0.976798 0.97983 1.01727 1.01555 1.00855 0.993195
392147 0.986497 0.976171 0.981603 0.983671 1.01815 1.01603 1.01465 0.99596
392152 0.992838 0.983623 0.985415 0.992398 1.01991 1.01924 1.01424 1.00328
392154 0.992251 0.982447 0.987948 0.991217 1.02002 1.0179 1.01525 1.00315
392155 0.990826 0.977603 0.983475 0.989132 1.01895 1.01977 1.01298 1.00033
392156 0.996116 0.987425 0.986458 0.99234 1.01724 1.01756 1.01309 1.0035
392157 0.99725 0.98924 0.989249 0.995539 1.01811 1.02045 1.01707 1.00706
392160 0.991297 0.981181 0.98452 0.988311 1.01689 1.01822 1.01602 1.0025
392162 0.991033 0.981769 0.98268 0.987413 1.01705 1.01775 1.01448 1.00216
392218 0.988239 0.980151 0.981458 0.985978 1.01716 1.01531 1.01498 0.997677
392220 0.98475 0.97537 0.979313 0.980362 1.01701 1.01322 1.01372 1.00142
392223 0.985489 0.97436 0.976887 0.986668 1.01746 1.01551 1.01472 1.00035
392225 0.985171 0.977984 0.979219 0.983249 1.01797 1.01602 1.01258 1.00033
392226 0.987253 0.977702 0.978882 0.984296 1.01919 1.01751 1.0125 0.998603
392227 0.991769 0.982569 0.984598 0.988578 1.01922 1.01765 1.01417 1.00179
392228 0.992668 0.98336 0.983966 0.991963 1.01938 1.01759 1.01588 1.00559
392231 0.98724 0.979906 0.982187 0.985216 1.01871 1.01669 1.01209 1.00326
392267 0.994569 0.984895 0.985593 0.993202 1.01652 1.01639 1.02061 1.00898
392276 0.986722 0.977869 0.979581 0.986552 1.01734 1.01619 1.00722 0.997557
392277 0.99353 0.981956 0.982849 0.990333 1.0196 1.01919 1.01028 1.00039
392279 0.985136 0.975871 0.978895 0.984824 1.01585 1.01288 1.0093 0.996817
392280 0.98158 0.969769 0.976464 0.978202 1.01457 1.01646 1.0081 0.992652
392281 0.985738 0.975727 0.9792 0.982251 1.01514 1.01398 1.00986 0.995918
392282 0.981713 0.969569 0.97219 0.979599 1.01458 1.01342 1.00714 0.992006
392285 0.984433 0.972997 0.975603 0.980293 1.01449 1.01427 1.00912 0.995871
392292 0.987659 0.976931 0.977773 0.982844 1.01648 1.01416 1.01286 1.00113
392293 0.989697 0.976548 0.975223 0.981681 1.01632 1.01428 1.0133 1.00055
392294 0.991973 0.981151 0.97798 0.984389 1.01756 1.01667 1.0139 1.003
392296 0.991225 0.98316 0.980174 0.984494 1.0178 1.01609 1.01443 1.00319
392297 0.987292 0.979048 0.982537 0.988275 1.01734 1.01604 1.01101 0.998051
392298 0.987209 0.97727 0.982256 0.988036 1.01649 1.01522 1.01037 1.00057
392299 0.986614 0.976133 0.981962 0.984708 1.01722 1.01583 1.00786 0.998632
392353 0.982678 0.970536 0.967194 0.979063 1.01341 1.01201 1.01232 0.993526
392354 0.984464 0.97169 0.970985 0.980413 1.01946 1.01403 1.00711 0.995683
392355 0.982434 0.972964 0.970654 0.976485 1.01619 1.01461 1.00889 0.995392
392359 0.981941 0.969917 0.96763 0.973782 1.01484 1.01297 1.00748 0.99255
392415 0.971382 0.960062 0.965959 0.993038 1.01423 1.01244 0.998787 0.983265
392418 0.976769 0.966589 0.96765 1.00774 1.01476 1.01273 1.0019 0.988986
392420 0.979183 0.96907 0.969535 1.00965 1.01535 1.01378 1.00517 0.989986
392421 0.981435 0.970512 0.969486 1.00328 1.01516 1.01345 1.00631 0.992004
392422 0.981064 0.96998 0.968333 1.00012 1.01492 1.01341 1.00533 0.990733
392428 0.979989 0.969712 0.966879 0.9907 1.0151 1.01398 1.00213 0.989426
392429 0.979524 0.967307 0.965482 0.991495 1.01635 1.01469 1.00081 0.990462
392430 0.977769 0.966339 0.963425 0.987601 1.01564 1.01329 0.997617 0.984946
392431 0.975008 0.966004 0.963506 0.982574 1.01602 1.01228 0.996189 0.982786
392540 0.978231 0.967154 0.968343 0.97329 1.01775 1.01452 1.00649 0.99182
392541 0.980419 0.971323 0.970594 0.973988 1.01624 1.01488 1.00862 0.993979
392542 0.983461 0.969939 0.97085 0.974461 1.0162 1.01532 1.0075 0.995553
392545 0.983613 0.972535 0.969957 0.976579 1.01493 1.01442 1.00957 0.994378
392546 0.983201 0.97215 0.973242 0.978805 1.01591 1.01461 1.00823 0.996938
392548 0.981318 0.97028 0.968186 0.975274 1.01563 1.01466 1.00669 0.992307
392712 0.978088 0.963101 0.971277 0.970997 1.01034 1.01042 1.01429 0.992342
392713 0.981998 0.967123 0.974239 0.976178 1.0164 1.01421 1.00075 0.994249
392714 0.982184 0.966937 0.969283 0.966387 1.01881 1.01394 1.01085 0.989961
392715 0.980746 0.967181 0.972962 0.970787 1.01531 1.01481 1.00994 0.992879
392716 0.982871 0.970755 0.974598 0.973407 1.01398 1.01306 1.01217 0.992941
392811 0.978146 0.965914 0.968419 0.972125 1.01442 1.01384 1.00999 0.989497
392814 0.977322 0.966741 0.971018 0.971396 1.01404 1.0116 1.00784 0.988675
392818 0.978835 0.967719 0.971249 0.973338 1.01526 1.01255 1.00814 0.990701
392819 0.979792 0.968476 0.973927 0.97475 1.01503 1.01434 1.00908 0.991868
392820 0.976002 0.967635 0.969606 0.970365 1.01447 1.01147 1.0061 0.98861
392821 0.979191 0.969176 0.971945 0.973505 1.01617 1.01478 1.00875 0.991569
392836 0.980933 0.969351 0.97251 0.976768 1.01264 1.01135 1.01173 0.991489
392837 0.975745 0.960872 0.970215 0.969729 1.01152 1.01157 1.00795 0.987451
392838 0.981719 0.970653 0.974245 0.975078 1.01424 1.0123 1.00944 0.994322
392840 0.989051 0.974975 0.975235 0.977539 1.01762 1.01577 1.01273 0.997987
392842 0.983605 0.967917 0.972956 0.969674 1.01526 1.01258 1.01134 0.994471
392844 0.976381 0.964822 0.967908 0.968913 1.0169 1.01249 1.01475 0.991941
392845 0.976673 0.962921 0.96774 0.969651 1.01537 1.01373 1.00765 0.987835
392846 0.976667 0.967294 0.967932 0.970262 1.01618 1.01606 1.01105 0.989989
392848 0.980751 0.966156 0.969739 0.972395 1.01604 1.01366 1.01099 0.991164
392922 0.979724 0.967468 0.966046 0.987333 1.01419 1.01066 1.02061 0.99466
392923 0.980249 0.97058 0.966162 0.978035 1.0133 1.01271 1.01921 0.995976
392925 0.98173 0.968394 0.974089 0.991271 1.0145 1.01455 1.02051 0.99704
392926 0.981167 0.969034 0.97024 0.996178 1.01408 1.01278 1.02013 0.99624
392928 0.990487 0.974236 0.973549 0.990881 1.01557 1.01366 1.01995 0.999925
392934 0.990491 0.97202 0.973973 0.984401 1.01349 1.01426 1.01778 0.998513
392942 0.981819 0.970109 0.974855 0.973472 1.01492 1.01344 1.01246 0.992753
392943 0.976977 0.963609 0.966573 0.968723 1.01447 1.01466 1.01027 0.990818
392944 0.979229 0.965131 0.96863 0.970153 1.01508 1.01604 1.00993 0.988643
392946 0.981226 0.965269 0.973307 0.972909 1.01833 1.01667 1.01077 0.992103
392947 0.979987 0.966627 0.967217 0.970868 1.01496 1.0159 1.00992 0.990483
393051 0.977848 0.965788 0.968758 0.968404 1.01627 1.01549 1.0123 0.986101
393054 0.980385 0.968583 0.973811 0.972513 1.01479 1.01321 1.01305 0.987878
393056 0.976745 0.966419 0.970494 0.968662 1.01469 1.0141 1.01039 0.986109
393061 0.979689 0.967912 0.974193 0.972055 1.01554 1.01405 1.01114 0.987934
393062 0.978751 0.96516 0.968196 0.971079 1.01478 1.01438 1.01081 0.985465
393064 0.978261 0.965983 0.971096 0.973031 1.01576 1.01504 1.01073 0.986531
393066 0.980793 0.967068 0.970833 0.973452 1.01754 1.01524 1.01355 0.988286
393067 0.976851 0.969874 0.974541 0.973645 1.0159 1.01465 1.01623 0.988979
393068 0.975761 0.961614 0.96445 0.967519 1.01574 1.0152 1.01014 0.982422
393164 0.976438 0.967186 0.969847 0.968101 1.01122 1.01161 1.01293 0.986239
393167 0.974961 0.967306 0.967193 0.967259 1.01279 1.0122 1.01172 0.984211
393175 0.978752 0.968656 0.968831 0.970845 1.01608 1.01563 1.01115 0.987408
393176 0.977221 0.972067 0.967964 0.969753 1.01695 1.01647 1.00892 0.98712
393177 0.981438 0.968427 0.970161 0.971176 1.01666 1.01619 1.00916 0.986873
393178 0.980084 0.96954 0.969112 0.97264 1.01671 1.01662 1.00932 0.986078
393179 0.982457 0.971192 0.964396 0.975477 1.01758 1.02242 1.01223 0.98843
393180 0.982493 0.974333 0.972145 0.973875 1.01645 1.01576 1.01339 0.99189
393341 0.982973 0.971099 0.975873 0.976327 1.01743 1.01587 1.012 0.990625
393342 0.986759 0.974714 0.978983 0.980695 1.01706 1.01753 1.01449 0.993151
393343 0.985078 0.971618 0.974816 0.976535 1.01733 1.01688 1.01209 0.990407
393345 0.976923 0.969 0.97602 0.972122 1.01719 1.0161 1.01097 0.98864
393349 0.975776 0.961785 0.96634 0.968646 1.01502 1.01837 1.00886 0.983778
393351 0.975193 0.966527 0.969286 0.967293 1.01408 1.01395 1.013 0.984964
393456 0.97444 0.961051 0.964288 0.967302 1.01185 1.01343 1.01036 0.980597
393457 0.97892 0.969146 0.97118 0.972489 1.01382 1.01384 1.01509 0.987247
393458 0.971164 0.957966 0.959107 0.963362 1.01243 1.01162 1.00725 0.978878
393460 0.976534 0.962119 0.965732 0.968982 1.01347 1.01278 1.0114 0.985144
393461 0.978029 0.964365 0.970568 0.970412 1.01345 1.01362 1.01135 0.984553
393462 0.980155 0.969644 0.97156 0.972569 1.01398 1.0137 1.01405 0.98529
393464 0.97585 0.963965 0.965308 0.967634 1.01543 1.01458 1.01109 0.982062
393469 0.978684 0.964266 0.96815 0.968905 1.015 1.01317 1.01321 0.983132
393471 0.973462 0.959961 0.962971 0.965175 1.01413 1.01323 1.00759 0.980772
393478 0.978341 0.968707 0.973016 0.971806 1.01438 1.01456 1.01323 0.98601
393481 0.973426 0.968043 0.967987 0.968792 1.01413 1.01466 1.00969 0.981225
393482 0.975538 0.96306 0.966802 0.969473 1.01541 1.01392 1.00916 0.982448
393483 0.973717 0.961577 0.963344 0.965332 1.01505 1.01449 1.0077 0.981061
393484 0.975501 0.965562 0.966349 0.968014 1.01273 1.01342 1.00761 0.983242
393485 0.974453 0.960299 0.961486 0.964943 1.0145 1.01467 1.01047 0.981638
393486 0.977889 0.969942 0.971918 0.971612 1.01421 1.01418 1.01471 0.986183
393487 0.971803 0.95784 0.960608 0.962479 1.01387 1.01386 1.00928 0.978884
393529 0.97663 0.964222 0.967135 0.968269 1.01553 1.01592 1.01432 0.984142
393530 0.972422 0.958024 0.961621 0.964249 1.01401 1.01452 1.01079 0.979855
393531 0.971646 0.962977 0.962214 0.965051 1.01537 1.0143 1.01343 0.981292
393534 0.973818 0.960446 0.965073 0.964921 1.01456 1.01339 1.01284 0.980612
393574 0.974222 0.964508 0.96855 0.967775 1.01239 1.01383 1.008 0.983391
393575 0.978093 0.96734 0.9715 0.970347 1.01448 1.01327 1.01149 0.985643
393576 0.97662 0.96435 0.96708 0.968857 1.01702 1.01516 1.00893 0.983437
393577 0.97776 0.964737 0.96714 0.970819 1.01615 1.0163 1.00555 0.991491
393578 0.983444 0.973514 0.975629 0.977078 1.01963 1.01677 1.01222 0.992159
393579 0.980618 0.972072 0.97574 0.973904 1.01728 1.01416 1.01483 0.989532
393581 0.98084 0.974 0.97734 0.974833 1.01866 1.01703 1.01218 0.989789
393598 0.977739 0.967718 0.972547 0.970021 1.01569 1.01091 1.01243 0.98715
393599 0.97266 0.96011 0.965774 0.963915 1.01756 1.0158 1.00256 0.978954
393600 0.973554 0.963372 0.962604 0.963994 1.01496 1.01385 1.00328 0.977603
393601 0.982886 0.970436 0.974781 0.976746 1.01658 1.01495 1.01436 0.987853
393616 0.978398 0.970569 0.973148 0.971362 1.01544 1.01483 1.01302 0.98644
393619 0.977455 0.967352 0.970056 0.971344 1.01628 1.01486 1.01218 0.986345
393627 0.972073 0.962873 0.962297 0.96336 1.01757 1.01482 1.00972 0.98084
393628 0.972379 0.962926 0.965999 0.966215 1.01627 1.01363 1.01133 0.980932
393673 0.980215 0.965476 0.968917 0.969282 1.02074 1.01637 1.01039 0.986686
393674 0.970829 0.962556 0.964349 0.96685 1.01752 1.01522 1.00472 0.980809
393677 0.971828 0.962835 0.966457 0.966725 1.01744 1.01559 1.00654 0.980679
393795 0.972708 0.962108 0.965283 0.965176 1.01712 1.01506 1.00791 0.982485
393798 0.970179 0.961433 0.966099 0.964027 1.01517 1.0127 1.00542 0.976725
393805 0.9735 0.962724 0.963661 0.96541 1.01634 1.0149 1.00601 0.980017
393809 0.972712 0.965744 0.966034 0.966874 1.01583 1.01462 1.00754 0.980011
393810 0.975449 0.965619 0.967816 0.967443 1.01809 1.0141 1.00938 0.981874
393883 0.972815 0.963818 0.967513 0.966194 1.01627 1.01375 1.00721 0.980921
393885 0.978112 0.967434 0.970723 0.969426 1.01837 1.01671 1.01323 0.98352
393886 0.97161 0.960791 0.966013 0.964251 1.01729 1.01423 1.00844 0.978149
393888 0.972661 0.959911 0.96192 0.962708 1.01576 1.01486 1.01044 0.978524
393890 0.973454 0.961477 0.963481 0.963127 1.01612 1.01521 1.0132 0.977561
393891 0.972723 0.961486 0.961571 0.96334 1.01764 1.01528 1.01074 0.978803
393897 0.974323 0.964877 0.969837 0.969561 1.01565 1.01581 1.01223 0.981267
393898 0.973917 0.958319 0.964377 0.963626 1.01734 1.01552 1.00793 0.976915
393901 0.970774 0.957589 0.959952 0.961509 1.01432 1.01281 1.00685 0.975826
393902 0.972296 0.960266 0.961166 0.963678 1.01503 1.01371 1.00786 0.978048
393905 0.976914 0.966202 0.966971 0.970132 1.015 1.01612 1.01143 0.980647
394002 0.975573 0.965156 0.970152 0.968067 1.01572 1.01344 1.01061 0.980224
394003 0.974529 0.965584 0.969579 0.967462 1.01614 1.01532 1.01081 0.982347
394004 0.977404 0.966449 0.969332 0.968612 1.01682 1.0163 1.01013 0.981162
394005 0.977988 0.967878 0.970397 0.969113 1.01729 1.01658 1.01276 0.984031
394048 0.969102 0.956579 0.958337 0.961632 1.01079 1.00861 1.00726 0.972972
394049 0.963245 0.952453 0.955058 0.952007 1.00903 1.00671 1.00377 0.971367
394050 0.959744 0.949319 0.952075 0.951435 1.00998 1.00838 1.00125 0.965417
394053 0.960886 0.94683 0.948788 0.94985 1.00954 1.00817 1.00268 0.968612
394054 0.962253 0.950216 0.95264 0.952087 1.01105 1.00957 1.00494 0.967785
394055 0.965396 0.954171 0.955905 0.95595 1.01127 1.00981 1.00868 0.971642
394056 0.973311 0.966514 0.970764 0.964733 1.01278 1.01134 1.01673 0.980301
394057 0.990467 0.964353 0.973311 0.966188 1.01395 1.01435 1.0176 0.982053
394060 0.969923 0.957637 0.959978 0.959541 1.01575 1.0161 1.00815 0.972063
394061 0.974306 0.971508 0.969018 0.965762 1.01626 1.01652 1.01479 0.982386
394062 0.980613 0.973923 0.977757 0.975031 1.01616 1.01616 1.02342 0.988214
394065 0.975068 0.96926 0.969795 0.967157 1.01651 1.01589 1.0159 0.980804
394066 0.979547 0.968628 0.967511 0.96797 1.01622 1.01509 1.01362 0.984696
394067 0.970409 0.966681 0.964588 0.964175 1.01665 1.01629 1.01049 0.977932
394068 0.972517 0.964341 0.965473 0.964871 1.01701 1.01615 1.00893 0.978514
394069 0.979033 0.970267 0.973232 0.970427 1.01871 1.01719 1.01465 0.982957
394070 0.975048 0.968065 0.965576 0.9663 1.01736 1.01709 1.01221 0.977667
394072 0.972044 0.965436 0.966343 0.963586 1.01602 1.01432 1.00883 0.978301
394266 0.978716 0.964762 0.956092 0.966881 1.01188 1.01161 1.02465 0.977206
394269 0.973797 0.957458 0.960609 0.969404 1.0193 1.02048 1.02349 0.983315
394272 0.965648 0.95154 0.95221 0.960299 1.01611 1.0161 1.01476 0.972902
394368 0.96684 0.956068 0.959184 0.960333 1.01787 1.01898 1.00564 0.973784
394388 0.974212 0.964135 0.967755 0.968569 1.02179 1.02185 1.01401 0.982734
394389 0.974507 0.968434 0.971948 0.972089 1.02125 1.01706 1.01543 0.985594
394390 0.974799 0.965506 0.968245 0.96919 1.02208 1.02097 1.0147 0.98442
394391 0.975248 0.965257 0.968423 0.970522 1.02113 1.02249 1.01388 0.984982
394398 0.973073 0.962599 0.969829 0.968188 1.01598 1.01606 1.01275 0.981887
394400 0.971164 0.958264 0.963575 0.964627 1.01551 1.01721 1.01251 0.977467
394402 0.974387 0.964184 0.969687 0.967035 1.01412 1.01359 1.0152 0.981657
394403 0.972416 0.962386 0.963605 0.963403 1.01918 1.01426 1.01275 0.976154
394407 0.956073 0.944857 0.953359 0.949995 1.01519 1.0171 1.00176 0.969102
394416 0.966269 0.952635 0.955903 0.957733 1.01776 1.01859 1.01224 0.972348
394417 0.96902 0.955543 0.960004 0.959522 1.016 1.01639 1.01272 0.975184
394420 0.963931 0.953204 0.958684 0.957915 1.01731 1.01616 1.00962 0.973241
394421 0.971126 0.961012 0.965557 0.964116 1.01799 1.01798 1.01542 0.979544
394422 0.969594 0.959053 0.960762 0.963137 1.01948 1.01948 1.01383 0.977685
394423 0.96917 0.957908 0.960866 0.962209 1.01818 1.01951 1.01145 0.976942
394525 0.969173 0.958716 0.964826 0.959875 1.01752 1.01852 1.01565 0.978383
394526 0.966475 0.955505 0.964397 0.960619 1.01635 1.01846 1.01186 0.975235
394528 0.965987 0.95428 0.958804 0.958483 1.01586 1.01322 1.01081 0.973657
394531 0.96223 0.958906 0.957908 0.957686 1.01233 1.00767 1.0096 0.973264
394532 0.963131 0.952587 0.955202 0.957518 1.01897 1.01637 1.00504 0.971557
394533 0.963799 0.954154 0.95619 0.958028 1.01571 1.01928 1.01046 0.971242
394534 0.964629 0.954514 0.959529 0.95447 1.01672 1.01473 1.00827 0.974041
394538 0.964129 0.953203 0.957214 0.958332 1.0166 1.01786 1.00786 0.970711
394539 0.960955 0.948683 0.95311 0.954114 1.01452 1.01325 1.00597 0.969061
394671 0.965906 0.954573 0.958171 0.956959 1.01563 1.01621 1.01104 0.972006
394676 0.965054 0.954889 0.959228 0.95743 1.01777 1.01799 1.0106 0.970772
394677 0.963823 0.952535 0.956222 0.953589 1.01657 1.01678 1.00904 0.970557
394679 0.967829 0.953024 0.956161 0.957934 1.01709 1.0155 1.01274 0.973838
394682 0.975578 0.964289 0.967355 0.968135 1.02204 1.01798 1.02497 0.983536
394683 0.974609 0.964781 0.968918 0.967197 1.01955 1.01887 1.02014 0.983764
394684 0.972832 0.960385 0.962969 0.964036 1.01892 1.0175 1.02168 0.98031
394692 0.970939 0.96488 0.963263 0.966145 1.01954 1.02119 1.01782 0.973764
394698 0.969363 0.957823 0.957241 0.960335 1.01705 1.01915 1.01581 0.975042
394699 0.974367 0.965952 0.967121 0.965157 1.01804 1.01825 1.0211 0.980758
394700 0.966209 0.95704 0.957732 0.955969 1.01721 1.01888 1.01205 0.971102
394701 0.971045 0.962418 0.958542 0.959644 1.01697 1.01455 1.01715 0.976399
394702 0.968553 0.956541 0.959019 0.958432 1.01968 1.01823 1.01368 0.974187
394703 0.967229 0.954896 0.954968 0.955939 1.01858 1.01685 1.01211 0.973083
394704 0.965515 0.953463 0.955497 0.958253 1.01753 1.01481 1.00926 0.974271
394739 0.97251 0.961492 0.967894 0.966642 1.01893 1.0171 1.01761 0.98121
394741 0.977534 0.968738 0.965203 0.970287 1.0184 1.01626 1.02423 0.983481
394742 0.961244 0.953608 0.953189 0.955342 1.01876 1.01791 1.00514 0.968204
394743 0.972815 0.965612 0.967971 0.965312 1.01878 1.018 1.01788 0.981212
394744 0.960183 0.952002 0.952738 0.952846 1.01517 1.0155 1.00792 0.967821
394745 0.971084 0.958104 0.963952 0.964961 1.01711 1.01541 1.01428 0.976373
394746 0.97599 0.964248 0.968824 0.967815 1.01664 1.01387 1.02392 0.978207
394748 0.974517 0.964858 0.971104 0.963958 1.01731 1.01767 1.01882 0.97915
394750 0.972855 0.962139 0.965368 0.961691 1.01781 1.01682 1.01715 0.977832
394751 0.96953 0.959651 0.960463 0.961082 1.01704 1.01262 1.01284 0.975224
394962 0.977641 0.970982 0.975428 0.972555 1.01791 1.01758 1.02016 0.98383
394963 0.976386 0.965886 0.97232 0.97036 1.01562 1.01612 1.02023 0.983545
394964 0.976084 0.971749 0.975429 0.970108 1.01801 1.01842 1.01848 0.981812
394965 0.973609 0.966022 0.967091 0.964991 1.01894 1.01814 1.01676 0.977673
394968 0.978293 0.971197 0.971827 0.970665 1.01928 1.01826 1.02206 0.981889
394969 0.97762 0.970309 0.976346 0.970105 1.01743 1.0177 1.02233 0.983127
394970 0.972519 0.962387 0.963125 0.959872 1.01692 1.0169 1.01682 0.973464
394976 0.967388 0.95601 0.956159 0.955033 1.0142 1.01398 1.01692 0.975015
394977 0.968709 0.960272 0.961292 0.955182 1.01572 1.01473 1.01795 0.974149
394978 0.955283 0.943648 0.941704 0.942783 1.01697 1.01758 1.00513 0.958401
394979 0.968492 0.956387 0.959791 0.954975 1.01676 1.01455 1.02066 0.97097
394980 0.968085 0.957816 0.959381 0.953307 1.01763 1.0145 1.01827 0.971891
394981 0.970312 0.960149 0.957345 0.955284 1.01732 1.01746 1.022 0.972339
394982 0.968353 0.957629 0.958391 0.952469 1.01613 -1 1.0198 0.970273
395096 0.9703 0.953356 0.955153 0.955375 1.01568 1.0156 1.02434 0.976355
395098 0.967633 0.950103 0.948569 0.954762 1.01748 1.01813 1.02269 0.975431
395099 0.973762 0.962275 0.965862 0.95961 1.01675 1.01667 1.02598 0.981145
395102 0.970847 0.954267 0.952625 0.958162 1.01778 1.01601 1.02765 0.974824
395103 0.976127 0.96607 0.971241 0.963833 1.0123 1.01585 1.03004 0.983149
395223 0.954573 0.949028 0.94206 0.926012 1.00847 1.01459 1.0197 0.957703
395225 0.967029 0.959198 0.950447 0.947627 1.01327 1.01889 1.02234 0.966965
395228 0.977399 0.967026 0.96029 0.955403 1.02029 1.01799 1.03205 0.976408
395229 0.982872 0.975246 0.965368 0.960524 1.01882 1.01945 1.03711 0.980194
395230 0.970293 0.959277 0.951802 0.950102 1.01801 1.0195 1.02617 0.967623
395231 0.974129 0.962678 0.953669 0.953175 1.01874 1.01785 1.03195 0.970239
395233 0.971245 0.959163 0.952515 0.951212 1.01707 1.01676 1.02753 0.96986
395238 0.968333 0.959564 0.952174 0.943362 1.0135 1.0117 1.02854 0.968558
395239 0.972821 0.961368 0.952118 0.949351 1.01075 1.01285 1.03134 0.970315
395242 0.968373 0.958968 0.951351 0.94605 1.01531 1.01559 1.02665 0.968107
395244 0.96938 0.961358 0.95398 0.948349 1.01539 1.01594 1.03119 0.969347
395389 0.972005 0.960981 0.954621 0.950363 1.01597 1.0162 1.03219 0.971093
395390 0.970564 0.960291 0.95282 0.946802 1.01658 1.01637 1.02905 0.970449
395396 0.9777 0.966693 0.961306 0.954639 1.01659 1.01548 1.03806 0.977864
395397 0.976513 0.96927 0.963361 0.952833 1.01736 -1 1.03378 0.973935
395398 0.974704 0.966736 0.957977 0.953822 1.01612 1.01864 1.03444 0.974362
395399 0.975748 0.965234 0.955862 0.953034 1.01751 -1 1.03239 0.973732
395402 0.977346 0.96647 0.957149 0.955079 1.01829 1.01665 1.03355 0.975706
395405 0.9762 0.966747 0.959239 0.954531 1.01705 1.01637 1.03064 0.973194
395406 0.9842 0.972472 0.964277 0.956603 1.01704 1.01715 1.0358 0.979334
395407 0.974138 0.96223 0.959444 0.952882 1.01535 1.01441 1.03295 0.971855
395408 0.974163 0.966416 0.958399 0.953462 1.01692 1.01589 1.02985 0.971258
395411 0.973365 0.962812 0.956653 0.950134 1.01795 1.01553 1.02738 0.971846
395412 0.97006 0.958596 0.945492 0.949804 1.01729 1.01568 1.02631 0.964637
395413 0.974164 0.966658 0.95526 0.953094 1.01911 1.01725 1.03148 0.973843
395419 0.974248 0.965601 0.955471 0.951538 1.01747 1.01742 1.03077 0.97206
395420 0.976478 0.969179 0.95931 0.953709 1.01751 1.01855 1.03342 0.974874
395430 0.977667 0.971064 0.963748 0.956257 1.01706 1.01893 1.03495 0.975199
395431 0.975329 0.963889 0.96013 0.945802 1.01236 1.02019 1.02902 0.973201
395432 0.972331 0.963332 0.953414 0.94838 1.01575 1.0126 1.02825 0.969904
395526 0.967514 0.954813 0.947089 0.946229 1.01542 1.01332 1.02571 0.968002
395527 0.970088 0.962796 0.950617 0.948297 1.01487 1.01458 1.02632 0.969991
395544 0.971612 0.962145 0.954041 0.950562 1.01517 1.01465 1.02683 0.970105
395545 0.973087 0.963439 0.95658 0.95333 1.01778 1.01615 1.03009 0.972848
395546 0.973153 0.963381 0.950023 0.945805 1.02009 1.01455 1.0309 0.971899
395549 0.973653 0.965207 0.959288 0.952553 1.01784 1.0168 1.03196 0.972713
395550 0.973118 0.963499 0.956963 0.949707 1.01603 1.01616 1.02789 0.971956
395551 0.974675 0.966733 0.959051 0.951357 1.01675 1.01491 1.03185 0.973303
395552 0.972605 0.96339 0.955431 0.947159 1.01644 1.01536 1.03073 0.969236
395553 0.969329 0.957461 0.948732 0.945331 1.01646 1.01506 1.02758 0.966595
395587 0.976059 0.968933 0.961284 0.954964 1.01846 1.01865 1.03332 0.974612
395588 0.975189 0.968617 0.962509 0.951451 1.01819 1.01578 1.0349 0.973435
395589 0.972572 0.965375 0.961131 0.951172 1.01831 1.0151 1.03153 0.972784
395590 0.969442 0.961203 0.955359 0.94785 1.01719 1.01568 1.02844 0.96835
395591 0.974261 0.963185 0.953499 0.950789 1.01866 1.01686 1.03024 0.971107
395592 0.971846 0.964028 0.955868 0.948683 1.01883 1.0151 1.03441 0.972874
395593 0.979996 0.972698 0.962437 0.956824 1.01776 1.01956 1.03727 0.979975
395594 0.974135 0.964869 0.954295 0.950898 1.01811 1.0181 1.03272 0.972195
395595 0.979232 0.972723 0.963303 0.955639 1.01808 1.01861 1.03762 0.977684
395597 0.978372 0.971464 0.956499 0.956569 1.01692 1.02048 1.03106 0.976573
395599 0.974974 0.96767 0.955236 0.952086 1.01897 1.01676 1.03192 0.973593
395639 0.973952 0.96475 0.955265 0.95203 1.01754 1.01657 1.03439 0.972853
395640 0.973192 0.9673 0.956508 0.952632 1.01855 1.01739 1.03199 0.973689
395641 0.975868 0.970275 0.961462 0.956849 1.01918 1.01605 1.03078 0.975496
395642 0.977201 0.967827 0.960177 0.954264 1.01838 1.01669 1.03336 0.974471
395643 0.975846 0.969516 0.961592 0.952789 1.01672 1.01752 1.03415 0.977203
395645 0.974215 0.966782 0.956423 0.950888 1.01731 1.01506 1.03142 0.973288
395646 0.974244 0.966437 0.955642 0.952967 1.01899 1.0169 1.03327 0.975616
395647 0.971525 0.960136 0.946499 0.947335 1.01674 1.01586 1.02988 0.967268
395648 0.975345 0.97299 0.965239 0.956478 1.0184 1.01575 1.03838 0.977434
395731 0.963923 0.952491 0.942286 0.940566 1.01574 1.01561 1.02393 0.961478
395732 0.973995 0.96729 0.960143 0.950962 1.01688 1.01615 1.03492 0.972173
395733 0.9776 0.966346 0.957537 0.954264 1.01509 1.01525 1.03863 0.974322
395734 0.963577 0.955329 0.943916 0.945149 1.01558 1.01747 1.0268 0.96388
395768 0.978169 0.966667 0.961121 0.95375 1.01705 1.01754 1.03826 0.975821
395769 0.969906 0.958803 0.950738 0.948704 1.01571 1.01489 1.03108 0.967793
395770 0.973004 0.960008 0.951502 0.948152 1.01477 1.01489 1.03222 0.968835
395771 0.965591 0.958086 0.94948 0.944941 1.01503 1.01617 1.02699 0.966983
395775 0.970253 0.959212 0.950674 0.946545 1.01463 1.01335 1.03149 0.970176
395776 0.968256 0.959582 0.9492 0.94544 1.01531 1.01413 1.02904 0.966738
395777 0.96541 0.956443 0.948402 0.942641 1.01371 1.01283 1.02606 0.964541
395808 0.96571 0.958194 0.948146 0.941645 1.01592 1.01522 1.02789 0.964357
395809 0.96678 0.955672 0.947722 0.943433 1.01551 1.01553 1.02602 0.962951
395810 0.966754 0.956963 0.951779 0.942201 1.0182 1.01751 1.03016 0.968762
395811 0.969271 0.958246 0.950469 0.945516 1.01515 1.01062 1.03202 0.967914
395813 0.966437 0.959487 0.950714 0.942529 1.01354 1.01211 1.0272 0.966615
395816 0.965045 0.954974 0.946537 0.942296 1.01182 1.01207 1.0267 0.964396
395817 0.957165 0.945535 0.938378 0.933757 1.01212 1.01033 1.01854 0.955422
395819 0.963575 0.947805 0.941584 0.935398 1.011 1.01102 1.02246 0.960684
395882 0.955017 0.945304 0.937659 0.931332 1.01343 1.01606 1.0159 0.955599
395884 0.96708 0.958756 0.950425 0.944065 1.01802 1.01684 1.0277 0.963772
395899 0.981108 0.971601 0.961848 0.956033 1.02449 1.02387 1.04539 0.976091
395901 0.978495 0.966876 0.958319 0.954344 1.02245 1.02093 1.04363 0.973252
395907 0.979725 0.972576 0.959416 0.953131 1.0233 1.02324 1.03813 0.973605
395908 0.976326 0.969385 0.960302 0.95242 1.02272 1.02174 1.03683 0.972104
395939 0.974934 0.967011 0.959045 0.949034 1.02088 1.02095 1.03397 -1
395940 0.976616 0.967104 0.958978 0.952272 1.02076 1.02023 1.03783 0.97525
395941 0.974429 0.965132 0.960102 0.952429 1.02398 1.02199 1.03624 0.977434
396048 0.969985 0.961465 0.952114 0.945294 1.02203 1.01773 1.03103 -1
396049 0.975885 0.966713 0.960403 0.950793 1.02045 1.0193 1.03855 0.97473
396050 0.974795 0.961918 0.954318 0.949624 1.02122 1.01936 1.03845 0.972762
396051 0.969435 0.959283 0.950481 0.945891 1.02178 1.01747 1.03286 0.967953
396054 0.969726 0.960249 0.951727 0.944966 1.01953 1.01936 1.03477 0.966449
396056 0.975632 0.964685 0.954392 0.949726 1.01942 1.01764 1.03334 0.967862
396058 0.975586 0.970329 0.961576 0.951762 1.02062 1.01749 1.03833 0.973707
396061 0.977493 0.960181 0.956438 0.94742 1.01591 1.01907 1.04156 0.965701
396063 0.977721 0.967975 0.962013 0.955577 1.01673 1.0181 1.04351 0.975207
396064 0.9719 0.965125 0.958821 0.952084 1.0206 1.01717 1.03339 0.97084
396065 0.97325 0.961214 0.95487 0.945806 1.02137 1.02192 1.03218 0.966927
396066 0.971106 0.964965 0.958176 0.947474 1.01969 1.0183 1.03315 0.968082
396067 0.980111 0.969382 0.962919 0.952292 1.01729 1.01811 1.03672 0.974083
396069 0.972886 0.966659 0.958697 0.951821 1.01934 1.01828 1.03526 0.96933
396070 0.969315 0.957345 0.946022 0.943296 1.02038 1.0182 1.03131 0.962705
396072 0.97047 0.960996 0.95938 0.948234 1.021 1.02028 1.03056 0.966022
396073 0.973928 0.965058 0.956417 0.948653 1.01968 1.01806 1.03729 0.970202
396074 0.974628 0.965835 0.956546 0.951018 1.01975 1.01939 1.03892 0.971354
396075 0.972529 0.966277 0.955582 0.94848 1.02278 1.01952 1.03601 0.969607
396268 0.981847 0.97362 0.9624 0.956145 1.01846 1.01696 1.04075 0.973755
396269 0.982196 0.973094 0.959467 0.965895 1.01527 1.02037 1.04927 0.98211
396274 0.972319 0.962842 0.950382 0.945157 1.01766 1.01757 1.03721 0.967512
396276 0.976903 0.966404 0.953084 0.948146 1.01922 1.01791 1.03926 0.969443
396277 0.983186 0.973493 0.961143 0.952449 1.01825 1.01709 1.04372 0.974752
396279 0.972576 0.966461 0.954174 0.943009 1.01858 1.01788 1.03475 0.967848
396280 0.978065 0.972145 0.959858 0.950485 1.0173 1.01561 1.04068 0.973061
396363 0.974107 0.966438 0.955533 0.945373 1.01935 1.01673 1.03859 0.969191
396366 0.971464 0.960666 0.948018 0.943367 1.01854 1.0177 1.03505 0.968316
396412 0.971631 0.961351 0.950517 0.944603 1.01785 1.01714 1.0331 0.965734
396413 0.964103 0.954043 0.94176 0.941256 1.01902 1.0192 1.02835 0.962711
396414 0.978361 0.970779 0.959646 0.953098 1.01799 1.01652 1.04323 0.974178
396415 0.971365 0.963892 0.954003 0.944149 1.01925 1.01701 1.03579 0.969422
396417 0.973093 0.965937 0.953927 0.94656 1.01868 1.01833 1.03659 0.968641
396418 0.973677 0.965057 0.953811 0.946794 1.01888 1.01631 1.03816 0.969966
396433 0.975019 0.969898 0.956684 0.948274 1.01814 1.01607 1.03983 0.972474
396434 0.97618 0.964555 0.952471 0.946787 1.01735 1.01644 1.03931 0.967402
396435 0.976025 0.969407 0.957155 0.948035 1.01757 1.01717 1.04004 0.970799
396437 0.972116 0.962514 0.951951 0.944322 1.01891 1.0176 1.03884 0.967118
396438 0.97748 0.966369 0.955954 0.949419 1.01842 1.01662 1.04327 0.973157
396439 0.972082 0.962295 0.94959 0.942726 1.01831 1.01586 1.03702 0.967101
396440 0.985694 0.981815 0.971828 0.956047 1.01787 1.01759 1.0494 0.981609
396544 0.977394 0.970524 0.955319 0.950162 1.01908 1.01567 1.03863 0.97413
396545 0.970305 0.963909 0.950994 0.94545 1.01745 1.01611 1.03462 0.966983
396546 0.983057 0.980972 0.970927 0.956822 1.01862 1.01678 1.04527 0.978548
396547 0.975304 0.970813 0.958031 0.951615 1.01835 1.0169 1.03876 0.973811
396549 0.972672 0.967752 0.95493 0.948663 1.01721 1.01685 1.0358 0.971372
396552 0.972365 0.966996 0.95617 0.949279 1.01693 1.01634 1.03475 0.969542
396554 0.972178 0.967501 0.955094 0.945722 1.01688 1.01494 1.0343 0.96979
396560 0.974629 0.971154 0.958754 0.949626 1.01474 1.01528 1.03687 0.97403
396561 0.977902 0.973195 0.962175 0.951523 1.018 1.01586 1.03956 0.974549
396563 0.9831 0.975123 0.965776 0.956969 1.02228 1.01586 1.04606 0.981463
396612 0.97226 0.965172 0.954114 0.947385 1.01413 1.0131 1.03103 0.967806
396614 0.976715 0.970471 0.959324 0.95209 1.01725 1.01556 1.03681 0.974082
396615 0.974328 0.970396 0.960287 0.950813 1.01772 1.01796 1.03626 0.972725
396616 0.97633 0.970489 0.95937 0.951236 1.01874 1.01624 1.03946 0.972686
396617 0.974789 0.967669 0.955107 0.947343 1.01827 1.01695 1.03627 0.968179
396618 0.973298 0.967825 0.954431 0.948086 1.01569 1.01639 1.0356 0.969845
396619 0.975118 0.96765 0.957439 0.948415 1.01838 1.01741 1.03775 0.971229
396627 0.973738 0.968856 0.958302 0.947332 1.01624 1.0166 1.03986 0.970554
396628 0.974018 0.966131 0.952996 0.945912 1.01731 1.01527 1.03806 0.970554
396629 0.971692 0.964803 0.95041 0.943763 1.01594 1.01398 1.03694 0.96814
396630 0.974151 0.966548 0.952148 0.945944 1.01653 1.01443 1.03595 0.968123
396631 0.976104 0.968612 0.956268 0.94962 1.01649 1.01508 1.04029 0.972531
396633 0.971123 0.967855 0.949124 0.947343 1.01641 1.01527 1.04011 0.967013
396634 0.971724 0.962636 0.948354 0.94433 1.01734 1.01546 1.03639 0.96828
396635 0.972533 0.964991 0.952604 0.946081 1.01687 1.01503 1.0389 0.969585
396636 0.972854 0.969919 0.956323 0.946671 1.01802 1.01569 1.04162 0.969228
396677 0.974435 0.966212 0.951924 0.946551 1.01591 1.01659 1.04063 0.966262
396678 0.968247 0.957777 0.944837 0.9392 1.01527 1.01612 1.035 0.958962
396680 0.970058 0.960549 0.946288 0.942276 1.01769 1.0165 1.03732 0.961894
396681 0.974014 0.962908 0.9506 0.944951 1.01718 1.01644 1.03926 0.965186
396682 0.976408 0.968722 0.954929 0.946586 1.01733 1.01705 1.04323 0.96754
396683 0.978854 0.967639 0.955485 0.948438 1.01704 1.01665 1.04162 0.970258
396684 0.972537 0.963519 0.949467 0.944475 1.01766 1.01558 1.03579 0.964291
396760 0.977598 0.967635 0.957519 0.948244 1.01973 1.0149 1.04474 0.967439
396761 0.967779 0.959749 0.944501 0.939173 1.01719 1.01515 1.03239 0.960415
396762 0.976317 0.967687 0.954623 0.947878 1.01647 1.01561 1.04114 0.968331
396764 0.979906 0.967345 0.954417 0.949908 1.01484 1.0165 1.04381 0.973512
396765 0.979493 0.973347 0.96086 0.951382 1.0158 1.01745 1.04286 0.973362
396766 0.972927 0.964874 0.952243 0.945839 1.01839 1.01612 1.03769 0.967052
396767 0.973438 0.965204 0.953027 0.944778 1.01806 -1 1.03807 0.967774
396768 0.97294 0.965402 0.951507 0.945874 1.01757 1.01544 1.03826 0.96905
396785 0.97022 0.962763 0.952341 0.941527 1.01848 1.01756 1.03996 0.964821
396790 0.973466 0.964437 0.951536 0.942926 1.01766 1.0151 1.04144 0.963474
396799 0.974774 0.967418 0.954409 0.944058 1.01854 1.01754 1.04212 0.963274
396802 0.971768 0.963248 0.947701 0.94117 1.01911 1.01815 1.04227 0.965137
396803 0.970948 0.958441 0.944631 0.938555 1.01855 1.01851 1.04194 0.959096
396887 0.979236 0.972075 0.957582 0.947549 1.0168 1.01762 1.04531 0.968078
396888 0.974029 0.962371 0.951159 0.942688 1.01832 1.01843 1.04015 0.96366
396889 0.973031 0.966575 0.951663 0.941067 1.01849 1.01841 1.04179 0.964935
396890 0.965326 0.949631 0.940974 0.930076 1.01814 1.01757 1.03582 0.959236
396891 0.98505 0.948219 0.945163 0.934857 1.01977 1.02018 1.0343 0.95905
396910 0.976572 0.96729 0.955113 0.94737 1.01743 1.0156 1.05155 0.971349
396911 0.9756 0.964653 0.953089 0.945308 1.01766 1.01709 1.05121 0.972203
396914 0.979051 0.967528 0.956012 0.948654 1.01835 1.01713 1.05429 0.976598
396915 0.972867 0.960346 0.947113 0.941 1.01839 1.01752 1.04659 0.969088
396916 0.9669 0.955039 0.939045 0.931833 1.02048 1.02009 1.03827 0.964546
396918 0.970298 0.95364 0.940096 0.939023 1.01966 1.01952 1.04267 0.964583
396919 0.973539 0.958619 0.949275 0.943238 1.02203 1.01972 1.04682 0.970164
396921 0.971739 0.961078 0.949413 0.942177 1.02042 1.02058 1.04677 0.970755
396993 0.975071 0.961523 0.951234 0.944874 1.01991 1.01939 1.0487 0.96927
396994 0.97271 0.961854 0.947546 0.941846 1.01606 1.01698 1.05072 0.970571
396995 0.975908 0.964804 0.952392 0.942695 1.01789 1.01545 1.05243 0.97188
396997 0.975346 0.963968 0.950515 0.945262 1.01758 1.01783 1.05186 0.972321
396998 0.972009 0.960115 0.947556 0.940158 1.01669 1.01499 1.04393 0.968977
396999 0.973914 0.961405 0.947714 0.944444 1.0188 1.01839 1.04707 0.970662
397000 0.971846 0.958187 0.946393 0.940995 1.01846 1.0199 1.04515 0.968729
397049 0.973678 0.963675 0.952928 0.945012 1.01869 1.01707 1.04593 0.971542
397062 0.981094 0.969926 0.957084 0.954853 1.0195 1.01461 1.05502 0.977375
397065 0.968062 0.959153 0.94908 0.938866 1.02536 1.01642 1.03978 0.966334
397066 0.977025 0.965499 0.953661 0.946909 1.02002 1.01984 1.04973 0.974405
397067 0.973496 0.965191 0.953547 0.946705 1.02089 1.0199 1.04852 0.97263
397068 0.972335 0.959646 0.946351 0.944205 1.02104 -1 1.04619 0.969496
397069 0.978948 0.970777 0.958154 0.951969 1.01952 1.01834 1.05065 0.975726
397070 0.972472 0.961075 0.94917 0.944291 1.01952 -1 1.04591 0.968191
397176 0.972108 0.963627 0.951717 0.946046 1.01898 1.01864 1.0473 0.969797
397177 0.975869 0.970708 0.960244 0.948027 1.02103 1.01765 1.04817 0.973602
397178 0.973529 0.965817 0.949233 0.944277 1.01891 1.01936 1.04786 0.970061
397181 0.9766 0.969862 0.954862 0.949279 1.01949 1.01935 1.05011 0.973661
397182 0.969878 0.971358 0.950356 0.94597 1.01972 1.02018 1.04822 0.970486
397184 0.990753 0.97122 0.960766 0.961565 1.01934 1.0201 1.04794 0.969625
397201 -1 -1 -1 1.2189 -1 -1 0.961678 -1
397205 0.998508 0.978471 0.963938 0.941637 1.0202 1.02258 1.04778 0.972441
397206 1.01712 0.978669 0.960662 0.9557 1.01807 1.01908 1.06498 0.982541
397207 1.01845 0.976629 0.968432 0.954552 1.02139 1.02002 1.06268 0.981461
397208 1.01008 0.973574 0.961 0.950272 1.0182 1.01739 1.0536 0.980514
397290 0.974103 0.962974 0.947755 0.945412 1.01908 1.01866 1.05019 0.968352
397291 0.972642 0.960613 0.946605 0.945144 1.01833 1.01807 1.04857 0.967946
397293 0.971485 0.960328 0.949093 0.943073 1.0193 1.01979 1.04665 0.968005
397294 0.97439 0.96134 0.949277 0.944839 1.01892 1.01899 1.04682 0.968108
397295 0.976238 0.965855 0.954492 0.94941 1.02001 1.02027 1.05267 0.971886
397296 0.971234 0.960323 0.949134 0.94171 1.01892 1.01737 1.0448 0.967833
397297 0.975499 0.965174 0.954634 0.946718 1.01714 1.01651 1.05077 0.971825
397313 0.973191 0.963741 0.953089 0.943812 1.01835 1.01846 1.04487 0.968548
397315 0.974011 0.962107 0.951168 0.943871 1.01817 1.01957 1.04572 0.96759
397316 0.973973 0.96273 0.952747 0.943406 1.0207 1.02061 1.04628 0.969539
397317 0.976466 0.967391 0.956404 0.949935 1.01889 1.01935 1.052 0.971942
397318 0.975005 0.960953 0.952329 0.944942 1.0205 1.02012 1.04783 0.969053
397319 0.971331 0.961453 0.94742 0.941747 1.01748 1.01961 1.04597 0.966635
397320 0.973725 0.961612 0.952011 0.9413 1.01768 1.01851 1.04544 0.967082
397322 0.971703 0.962321 0.951178 0.947404 1.02042 1.01839 1.05255 0.969773
397401 0.970332 0.955991 0.946021 0.938556 1.01852 1.01759 1.04643 0.962834
397402 0.9682 0.956062 0.941709 0.938738 1.0178 1.01778 1.04473 0.961523
397403 0.971941 0.959903 0.946744 0.940055 1.01775 1.01652 1.04662 0.965631
397404 0.97102 0.959636 0.947252 0.940237 1.01697 1.01713 1.0473 0.965839
397407 0.967318 0.955468 0.94037 0.937858 1.01755 1.0164 1.04449 0.962795
397431 0.976887 0.967103 0.958589 0.947842 1.01699 1.0181 1.05214 0.971108
397432 0.974835 0.965067 0.95291 0.945244 1.01742 1.01825 1.04996 0.970851
397433 0.972686 0.961435 0.948993 0.9429 1.01886 1.01934 1.04755 0.966417
397434 0.975443 0.962285 0.952326 0.944801 1.0193 1.0192 1.04897 0.967944
397436 0.974088 0.963214 0.952219 0.945148 1.01682 1.01792 1.04921 0.968111
397437 0.974126 0.963198 0.950387 0.944329 1.0186 1.01867 1.05011 0.966791
397438 0.972463 0.96033 0.947795 0.941865 1.01804 1.01792 1.04842 0.966488
397440 0.970861 0.95677 0.943964 0.943223 1.01748 1.02028 1.05032 0.964478
397511 0.974043 0.961537 0.951522 0.94162 1.01517 1.01633 1.05067 0.963149
397512 0.977408 0.961109 0.94653 0.944452 1.01828 1.01716 1.05289 0.968321
397513 0.967954 0.958749 0.946583 0.935875 1.01765 1.01779 1.04604 0.960365
397515 0.972619 0.957344 0.944291 0.940215 1.01799 1.0191 1.05039 0.964158
397516 0.968144 0.956943 0.946213 0.939661 1.01861 1.01837 1.04826 0.961908
397517 0.973023 0.963297 0.952749 0.940126 1.01676 1.0179 1.04912 0.965119
397519 0.973247 0.956251 0.945711 0.939821 1.01994 1.0194 1.04893 0.964663
397520 0.973327 0.962079 0.952362 0.940789 1.01853 1.0175 1.04773 0.965403
397524 0.972024 0.957364 0.946891 0.940166 1.01906 1.01872 1.04694 0.962349
397525 0.971707 0.958425 0.947409 0.939045 1.01754 1.01722 1.04877 0.962819
397526 0.967891 0.95695 0.946211 0.935568 1.01762 1.01805 1.0485 0.961206
397527 0.968828 0.955715 0.943718 0.937172 1.01897 1.01919 1.04693 0.961895
397531 0.973479 0.960682 0.946858 0.939878 1.01886 1.01848 1.05148 0.964663
397532 0.968349 0.955835 0.941717 0.936544 1.01807 1.01761 1.04652 0.959386
397533 0.970159 0.954484 0.943777 0.937322 1.01516 1.01934 1.04684 0.959984
397534 0.970125 0.957156 0.946789 0.937719 1.01678 1.01832 1.04703 0.962762
397535 0.966803 0.954821 0.94374 0.934861 1.01664 1.01947 1.04473 0.958853
397577 0.976894 0.965642 0.959529 0.942729 1.01307 1.01695 1.06106 0.966827
397580 0.970264 0.964205 0.953104 0.938818 1.0185 1.02558 1.05304 0.96436
397581 0.976013 0.964314 0.953117 0.945012 1.01781 1.01907 1.05389 0.966183
397582 0.97682 0.964331 0.953949 0.945012 1.01749 1.01684 1.05546 0.971399
397585 0.974589 0.960516 0.948809 0.938954 1.01604 1.01652 1.05182 0.96383
397587 0.967461 0.957331 0.943982 0.93732 1.0172 1.01554 1.04742 0.95854
397588 0.972196 0.957336 0.945034 0.936436 1.01876 1.01833 1.04842 0.960587
397589 0.975021 0.960614 0.94923 0.940179 1.01865 1.06205 1.05048 0.963844
397590 0.972133 0.958442 0.945254 0.938442 1.01947 1.01871 1.0509 0.96248
397692 0.969369 0.95671 0.946124 0.93573 1.01884 1.01579 1.05024 0.963039
397694 0.972081 0.959007 0.948549 0.940044 1.0186 1.01849 1.05378 0.965121
397700 0.970947 0.959854 0.949116 0.936838 1.01764 1.0156 1.05238 0.964012
397702 0.973092 0.962897 0.946759 0.934412 1.01641 1.01375 1.05441 0.96607
397705 0.971644 0.956156 0.945888 0.936527 1.01406 1.01569 1.04938 0.96189
397706 0.974655 0.961585 0.950719 0.940228 1.01975 -1 1.05362 0.966916
397708 0.966586 0.955487 0.942042 0.933363 1.02034 1.01936 1.04597 0.960807
397710 0.972751 0.964435 0.952256 0.940563 1.02039 1.01873 1.05366 0.968825
397711 0.968363 0.957155 0.942778 0.933643 1.02006 1.01878 1.04892 0.961439
397712 0.972235 0.963562 0.950827 0.939406 1.02027 1.01779 1.05365 0.964738
397714 0.973142 0.966439 0.951909 0.939128 1.01909 1.01811 1.0527 0.966708
397715 0.971736 0.957981 0.944567 0.93561 1.01999 1.01732 1.05128 0.964141
397735 0.974581 0.962765 0.951146 0.941323 1.01869 1.01812 1.05272 0.965498
397737 0.971904 0.96319 0.951894 0.939141 1.01822 1.0176 1.05335 0.964253
397738 0.97515 0.95951 0.948451 0.942463 1.02047 1.01953 1.05446 0.964766
397864 0.972702 0.961549 0.950626 0.941995 1.01746 1.01896 1.05564 0.966384
397866 0.973457 0.963665 0.958109 0.946543 1.01692 1.0175 1.05844 0.967411
397867 0.972187 0.958184 0.950503 0.940676 1.01947 1.01905 1.05214 0.96159
397868 0.976451 0.963288 0.956551 0.943523 1.02068 1.02311 1.06031 0.96998
397917 0.969726 0.955142 0.94648 0.932169 1.01988 1.01848 1.05577 0.961133
397929 0.973194 0.960521 0.948258 0.937189 1.02297 1.02015 1.05989 0.963635
397933 0.972702 0.958997 0.949834 0.9344 1.01851 1.01971 1.05829 0.963627
397934 0.968431 0.949985 0.939867 0.930072 1.01746 1.01868 1.05291 0.958032
397935 0.968217 0.953495 0.939963 0.931286 1.01573 1.01674 1.05296 0.960212
397938 0.975505 0.964918 0.954064 0.939634 1.02199 1.01827 1.06399 0.971791
397989 0.969824 0.95929 0.9483 0.936498 1.01902 1.01818 1.05644 0.962085
397990 0.966926 0.951449 0.942347 0.931953 1.019 1.01697 1.05433 0.958022
398005 0.988866 0.933897 0.929369 0.915371 1.01937 1.02261 1.03929 0.942918
398007 0.965016 0.94854 0.938383 0.925643 1.02128 1.01858 1.05229 0.956066
398009 0.968774 0.955062 0.939087 0.932715 1.01948 1.01963 1.05184 0.959693
398010 0.965885 0.951263 0.938445 0.929572 1.0201 1.0192 1.05206 0.955694
398011 0.96864 0.955052 0.941987 0.932319 1.02072 1.01822 1.05554 0.959597
398012 0.968114 0.95134 0.938523 0.930969 1.02011 1.01881 1.05306 0.957988
398013 0.959533 0.945926 0.930613 0.920311 1.0186 1.01702 1.04536 0.950771
398014 0.971938 0.958573 0.944243 0.933731 1.02062 1.01813 1.0597 0.962417
398017 0.966133 0.951275 0.937497 0.929746 1.02031 1.01796 1.05021 0.956452
398018 0.965916 0.948932 0.938279 0.928426 1.01821 1.01589 1.05007 0.955686
398019 0.968197 0.952775 0.93804 0.931046 1.01896 1.01871 1.05214 0.958312
398020 0.968079 0.949756 0.939188 0.93208 1.02082 1.01889 1.05156 0.958557
398026 0.966193 0.953057 0.937105 0.929603 1.02083 1.01868 1.05213 0.956585
398027 0.970113 0.952745 0.945253 0.933346 1.02142 1.02067 1.05486 0.962341
398028 0.967263 0.948746 0.934925 0.929869 1.02171 1.02275 1.0519 0.956717
398029 0.965279 0.951573 0.936429 0.927541 1.02367 1.02211 1.04924 0.956261
398030 0.968995 0.9552 0.942406 0.932721 1.02222 1.02284 1.05334 0.959895
398031 0.967622 0.955236 0.940974 0.932308 1.02663 1.02276 1.05222 0.959174
398119 0.969698 0.954884 0.943707 0.933958 1.02066 1.01853 1.05701 0.960157
398120 0.972708 0.958886 0.948234 0.936586 1.01923 1.02012 1.05925 0.962796
398122 0.968996 0.954907 0.944049 0.93229 1.02039 1.01923 1.05525 0.959707
398123 0.971456 0.955071 0.942353 0.932633 1.02088 1.01975 1.059 0.961138
398124 0.972398 0.954671 0.943669 0.934134 1.0203 1.01925 1.05772 0.963147
398125 0.968814 0.955817 0.944188 0.930723 1.02087 1.01883 1.05578 0.957623
398129 0.965731 0.951023 0.939997 0.928402 1.02171 1.01636 1.0548 0.954168
398130 0.971145 0.956571 0.946305 0.932965 1.02067 1.02089 1.06056 0.960293
398131 0.977998 0.962048 0.952868 0.94063 1.01919 1.0173 1.06667 0.966487
398133 0.968644 0.95612 0.942304 0.931589 1.01893 1.01817 1.05819 0.9577
398134 0.97008 0.954417 0.937373 0.935034 1.01921 1.01652 1.0563 0.958504
398137 0.971152 0.972408 0.962827 0.935133 1.01973 1.01845 1.05883 0.963748
398138 0.966631 0.960183 0.948286 0.930054 1.019 1.01787 1.05482 0.958185
398139 1.03936 1.07729 1.0783 1.02053 1.0191 1.02001 1.16963 1.1655
398140 1.03894 1.07874 1.07893 1.01978 1.02034 1.01914 1.17351 1.16601
398142 0.968995 0.955643 0.94327 0.934884 1.01843 1.01842 1.055 0.958276
398144 0.970612 0.961102 0.946984 0.93688 1.01755 1.01694 1.05703 0.962651
398145 0.971649 0.958936 0.944987 0.936917 1.01727 1.01756 1.05707 0.962576
398146 0.970191 0.959255 0.946356 0.932151 1.01971 1.01915 1.05471 0.961353
398147 0.969113 0.95768 0.944985 0.933538 1.01912 1.01747 1.05427 0.960108
398148 0.972419 0.961223 0.945358 0.935389 1.01845 1.02091 1.05988 0.966412
398149 0.967069 0.95704 0.94318 0.930264 1.01929 1.01861 1.05119 0.957375
