386773 9966498313
386775 5285359950
386776 30034568026
386777 25078452822
386825 4652236924
386826 20771353870
386827 1714970162
386828 11931768423
386829 17185484513
386830 10978520659
386831 3615017508
386833 23231810570
386838 30147193983
386839 21624056517
386841 27966013321
386843 31479542601
386844 31243776819
386881 31369296991
386882 32066769036
386883 32376864348
386884 23090354248
386941 27174410373
386942 14257391184
386943 6945462548
386946 19207569412
386947 7715203807
386948 10531927816
386950 32143085484
386951 31900549668
386952 32182770270
386954 14494277813
387027 11697973994
387068 4167552742
387070 13643766290
387072 10482455537
387073 4248506244
387076 4896438126
387077 7400156104
387078 7494209221
387081 177292453
387082 139456554
387083 169327044
387086 278538242
387128 5857422808
387129 2839225786
387131 2749353606
387138 21407026770
387139 6600528479
387227 31141473285
387247 16649410834
387250 4364065521
387290 21781630269
387292 19273823226
387412 3845959106
387414 12286870828
387423 4172838861
387424 5265354312
387428 8977371912
387430 32078095979
387431 28184151227
387433 32270018727
387436 5998629336
387539 7172745698
387541 17979613162
387543 30317020588
387546 3256626644
387550 12379860872
387551 17208743870
387552 3571676640
387557 2539413789
387558 5982924159
387560 15074591715
387561 3175887013
387564 2798475369
387565 2762503603
387566 9398633714
387570 2764537536
387571 30973811710
387649 15294812295
387651 31006298901
387658 7998245096
387659 31609859029
387660 6839351403
387661 25543696087
387666 5336126061
387668 23643035696
387669 31383520937
387670 14248856768
387672 5842743011
387673 24440455755
387674 29571530601
387676 10416755761
387710 10415002763
387713 12975402
387719 31796471818
387721 2797847944
387724 13102120583
387725 10371717470
387784 27847600756
387785 22054813169
387787 25713828905
387788 5121117685
387790 31026982930
387792 30932273888
387793 26469840160
387801 5739604524
387802 30475798477
387803 29511543038
387806 24221445013
387808 17409619919
387809 22799740060
387963 20915604374
387966 4223849378
387967 31170191013
387968 10045407325
387969 3538478817
388004 2201289931
388019 17558761652
388020 9625890003
388021 7239619716
388022 30169321106
388023 22143941281
388038 11906190270
388039 31463540682
388042 5636258444
388047 23807850745
388050 32054067311
388051 31258791512
388052 20067905466
388261 6020371255
388263 29455184189
388264 1828206109
388265 7371894724
388266 29990744905
388403 4135675437
388404 31767083058
388405 24301064665
388495 14012111106
388536 6068052422
388537 2777494552
388538 4803302545
388539 17273628541
388540 16553556684
388541 18672728624
388545 4431853252
388547 31978718552
388548 11787846680
388632 31428081332
388633 32229697173
388634 23859329237
388638 10048736719
388640 6760247261
388690 3735709550
388692 13384961011
388693 30830362751
388694 16677407680
388696 5937590851
388697 23668135870
388698 31709772711
388699 14195843701
388700 5312750643
388720 6295189414
388721 10434186404
388723 7373844150
388724 5433346973
388726 22951041862
388742 2688066204
388743 31846570869
388744 3568505791
388745 31467552874
388837 43114342085
388838 29174901556
388839 4471863820
388840 9147712021
388858 1929828678
388859 7712881853
388860 10776647621
388862 47591574499
388863 45048910174
388864 7182295699
388865 43667041803
388866 35703063745
388978 25250681435
388980 6455630766
388981 5414493280
388984 48433948676
388985 48613866811
388986 23298799180
389119 22360388033
389120 11554509679
389121 31794946182
389122 31492869539
389123 32002659401
389124 30933038285
389126 17299167581
389252 9169196248
389257 25555452417
389320 8162431062
389321 4237030835
389322 6229749267
389323 41641558199
389324 45481176431
389325 4835956048
389326 25457994279
389327 37326181826
389334 45730554871
389335 17426420860
389336 38877260944
389338 46461507387
389339 41238866492
389424 7291701679
389434 46986951218
389435 46442165525
389436 46597798106
389444 15156284548
389445 12419999004
389446 4616697129
389447 1841546240
389471 43128373228
389557 45425776130
389558 24761476801
389559 46002735908
389560 28925969744
389562 3000351670
389570 30565822595
389571 5894965143
389573 11101684710
389575 11034966422
389576 45709687062
389577 31477209627
389578 33605488344
389579 29256676060
389586 21363133623
389587 46297063560
389588 46230978486
389589 23952062033
389590 47254923400
389702 46683629065
389703 46959716346
389750 2225665915
389752 39968068559
389755 4276381310
389756 36644699047
389758 9289367105
389759 15575687044
389760 17692269323
389761 47640898973
389762 10271872539
389765 46522332322
389766 45515532255
389767 45066821780
389768 10057284389
389904 6156289192
389906 9433951940
389907 35004650811
389908 32393496847
389909 27170342038
390026 23795228554
390029 44888851632
390030 23919673067
390031 12920801585
390032 27359538603
390033 5266293378
390038 5959018285
390039 48819478447
390174 30965749142
390175 5979942210
390176 18495637462
390230 10547381729
390231 44839720726
390232 14904483912
390234 22465855359
390236 2631925226
390237 28385671166
390239 40270082059
390306 33434410232
390311 8265441368
390312 11832335559
390313 28036390767
390314 34840297658
390315 45661861258
390316 27720750237
390318 47048362656
390319 20069764734
390418 13190835179
390419 44721751728
390421 46281029672
390422 16060334439
390423 40424679945
390424 32944573863
390425 31070768841
390507 9944243667
390510 46742578370
390511 9537618103
390512 11721637239
390515 6459318354
390517 47077709384
390518 47186769258
390519 12988165989
390537 46685036807
390538 25074708843
390539 47190791977
390540 47233751963
390541 36259442732
390542 16785231762
390613 5636231924
390615 46883364834
390653 22641755854
390667 47025133942
390669 10140245806
390670 33086186929
390674 47342042482
390677 3973604036
390942 4567158741
390943 24507214874
390944 47344678745
390946 5155610771
390952 2789368767
390954 2997228089
390955 1500100467
390958 5543732249
390959 46390395683
390961 8880365897
390962 4704709618
390963 8779378980
390964 15960844190
390965 11840252536
390966 17084839397
391036 46838044270
391041 46320899021
391047 5186402609
391048 2163886444
391049 47584664360
391050 28598232394
391051 24236128516
391100 9343125786
391167 4078810530
391169 23600701751
391170 27073499186
391173 20988296078
391174 8612315395
391175 40393385001
391177 17542915375
391288 2542288215
391291 32993337592
391293 11538023046
391296 32584709883
391371 15159160717
391372 4419200668
391374 44567847365
391375 46775746550
391376 2851530302
391377 12870670143
391442 47349722471
391445 12312984543
391446 25945808020
391447 47100405655
391449 30775212559
391450 5720310638
391465 15456979839
391466 6701448569
391467 47210003518
391468 45720514097
391469 31365774950
391470 15867377383
391471 26881936927
391566 23172583278
391567 28261257382
391569 10668804989
391573 37570638484
391579 47777614624
391580 2856593827
391583 7228456600
391584 6809622935
391585 33466066660
391588 32170103346
391722 7975612578
391728 3023073937
391813 10079158421
391815 6777461199
391816 4442536528
391817 7005981155
391818 1657940771
391819 4173498918
391857 6679366845
391860 25769056763
391861 46090783384
391862 4628920779
391863 31715827507
391868 5030168060
391869 3702537897
391870 12383640449
391871 46280978444
391872 47091521136
391873 46906921469
391875 7977374643
391876 10413484936
391966 47296577691
391967 47306488249
391968 23213823637
391969 46871126885
391970 4619595912
391982 30423880376
391998 7889642469
392014 7854533014
392015 16379431259
392021 46492293900
392022 46953052710
392023 47485689261
392026 1835684978
392027 23605643984
392028 10491113461
392096 2768433376
392097 5136152879
392098 26029585978
392100 11603816894
392102 7066096364
392103 2927492292
392104 47075142726
392106 7957652991
392147 4689008248
392152 40889510763
392154 8097545572
392155 27212867791
392156 3566102579
392157 46248548473
392160 19301503149
392162 16742960815
392218 20946530327
392220 1944874641
392223 1932923791
392225 17844845506
392226 47597964611
392227 47579119001
392228 47781870327
392231 3588835345
392267 10885414365
392276 48367181045
392277 3443132414
392279 45785368126
392280 3746065561
392281 47694799093
392282 47248049925
392285 10479967425
392292 5930275807
392293 29304827665
392294 47181735321
392296 46972971943
392297 14269002356
392298 33967520304
392299 46788972307
392353 3701035272
392354 4070224269
392355 30721499058
392359 41597408697
392415 11520675550
392418 5500824083
392420 18858450572
392421 47045326386
392422 47320227561
392428 43598231656
392429 6957175869
392430 46949445028
392431 5337525879
392540 5475364927
392541 17773427252
392542 26525718674
392545 21578267423
392546 43840594226
392548 46003099421
392712 10163593239
392713 9515521443
392714 13405257053
392715 46456301885
392716 45454629393
392811 45253981060
392814 16992053531
392818 16340163867
392819 12296285752
392820 4460767516
392821 43575943611
392836 18338251047
392837 3771764981
392838 20137500669
392840 45459970391
392842 6697764012
392844 4669808951
392845 46107196380
392846 8911278992
392848 23477753311
392922 13471170150
392923 13237878604
392925 45712928668
392926 45861626299
392928 14318932175
392934 13233499361
392941 45442907311
392942 37212099606
392943 45162630513
392944 41865402656
392946 3512863955
392947 15861992064
393051 21914176320
393054 17596659127
393056 44985091738
393061 21418549293
393062 38679810262
393064 46720278496
393066 16122766944
393067 9095725948
393068 46497680002
393164 45224682842
393167 15841528401
393175 44888901403
393176 12534351557
393177 44519536036
393178 46009618075
393179 3276339301
393180 20343792773
393341 45170611343
393342 23899886464
393343 46190247340
393345 35615581543
393349 30316415020
393351 9134904438
393456 2887503464
393457 6754001735
393458 34834163908
393460 3728364985
393461 12226623321
393462 9559533156
393464 37610750128
393469 9285977260
393471 33190924990
393478 36920928246
393481 15650348213
393482 28814043658
393483 47092205242
393484 5660220770
393485 28278137485
393486 20536442668
393487 10609192438
393529 21839769620
393530 12878117236
393531 4329932405
393534 11526735779
393574 21579269081
393575 20109567409
393576 14466983282
393577 25363957875
393578 16945143539
393579 5180129081
393581 25326256173
393598 3166281341
393599 2781377504
393600 3685030998
393601 2718790713
393616 9953172363
393619 47714123280
393627 8120769066
393628 40438382936
393673 2715397617
393674 4221355985
393677 39664478983
393795 16849968274
393798 9239319463
393805 32657989841
393809 46533179783
393810 15143875736
393883 20281042476
393885 47416998173
393886 46798735858
393888 46895798904
393890 27180394154
393891 10450919127
393897 2191440714
393898 11234965732
393901 10312291863
393902 43322675570
393905 5345428911
394002 11517704942
394003 6038708913
394004 46306781572
394005 26553918772
394048 10723114918
394049 45068539428
394050 28489408047
394053 2586856388
394054 44606708204
394055 8163674314
394056 44292586051
394057 13622778646
394060 5314802743
394061 8787614447
394062 5086172879
394065 7052645143
394066 5028745134
394067 7315329905
394068 46483733571
394069 10365100122
394070 14964835016
394072 45076147131
394266 1343402996
394269 2854964410
394272 47206596917
394368 9413213869
394388 46531506889
394389 6259813823
394390 24895617233
394391 12547798092
394398 46902715603
394400 16282700386
394402 42976919171
394403 2602306746
394407 3348505804
394416 6349624434
394417 8425978843
394420 22929408871
394421 24934199038
394422 46674048843
394423 24010751624
394525 3721440675
394526 10073857103
394528 10306799915
394531 420783474
394532 4360528450
394533 3478109931
394534 6167428883
394538 16455741191
394539 20574076890
394669 29472962264
394671 43814912032
394676 24303358812
394677 43401910000
394679 29003392565
394682 10905918063
394683 46523913453
394684 15774088621
394689 21634745768
394690 41328499105
394692 2173040271
394693 32505202454
394698 9093141256
394699 2617346064
394700 24254154808
394701 5080415630
394702 47215853553
394703 46499809399
394704 9742128114
394739 36860845371
394741 2186868652
394742 17022156308
394743 14129670802
394744 22368857248
394745 7565308734
394746 3491466174
394748 31389856142
394750 33355702745
394751 2194737966
394962 47736532489
394963 19971178925
394964 36045402219
394965 15828385302
394968 30671127112
394969 47760886078
394970 7411583201
394976 4527011445
394977 47191611519
394978 44574165389
394979 17605112524
394980 20921857872
394981 11254747876
394982 40216310075
395096 38234082418
395098 37546608303
395099 14734422762
395102 19380573555
395103 5215213531
395223 813517172
395225 1630386460
395228 24257648364
395229 18410446153
395230 21584649507
395231 30200140934
395233 15212953547
395238 11568766632
395239 17746534717
395242 37116471062
395244 34064223084
395389 7447593099
395390 29216348548
395396 5247740290
395397 29061865692
395398 22944292359
395399 34317522409
395402 29887269501
395405 17495001145
395406 1966900053
395407 5413670696
395408 47627611771
395411 14410019580
395412 8568103522
395413 26479616472
395419 23598121684
395420 28407738588
395430 39887888935
395431 2112818808
395432 33150124710
395526 10677449401
395527 26820450721
395544 18916082499
395545 45270125104
395546 3444210945
395549 11880356199
395550 29758753897
395551 13659549374
395552 39811328180
395553 41057916561
395587 38075656773
395588 47341744495
395589 9805039517
395590 14655527372
395591 47727853445
395592 6399098162
395593 12220410205
395594 22090554682
395595 25872899913
395597 2968952806
395599 16725653698
395639 25190615211
395640 18178082738
395641 6893513868
395642 29332304721
395643 7170577371
395645 14495077252
395646 5991839374
395647 2750835248
395648 4520477386
395731 28161473405
395732 48420967327
395733 16471499513
395734 3095603476
395768 6407905579
395769 30732939075
395770 47713449551
395771 16570759104
395775 8545619814
395776 47274468616
395777 43744186512
395808 11687941773
395809 43066735138
395810 1942152198
395811 7251855925
395813 26848204106
395816 12636493783
395817 19130205795
395819 2999113035
395882 4747508861
395883 7110732008
395884 21066358777
395899 6057101725
395901 7601494486
395907 22532593112
395908 19994127154
395939 7159606334
395940 36500372828
395941 3350815824
396048 10106328759
396049 46962387803
396050 47296707280
396051 3861284192
396054 41324379431
396056 18643075849
396058 18287501875
396061 1220101471
396063 1754170562
396064 3237304858
396065 9490393299
396066 17057732437
396067 3575903524
396069 4367487844
396070 47742004832
396072 2633586719
396073 30262861302
396074 11325776568
396075 9742819695
396268 23701134197
396269 3040851211
396274 47525974363
396276 15391615376
396277 14059215063
396279 11882088029
396280 20378040581
396363 18816183802
396366 15478275901
396412 36139580571
396413 2121338572
396414 46931190871
396415 27350231520
396417 47941905362
396418 45040762597
396433 27015914840
396434 11988459318
396435 44427697753
396437 47663817616
396438 15085272963
396439 38308672567
396440 22039298251
396544 16249909485
396545 42107313785
396546 10437182100
396547 31811945381
396549 22876597424
396552 46918675647
396554 45232554577
396560 16957178210
396561 47155775974
396562 43469254873
396563 9627046649
396612 13284239611
396614 41159432269
396615 47901165921
396616 47208312535
396617 27178032108
396618 22583903838
396619 6338853744
396627 6977451959
396628 12955181153
396629 5221914053
396630 43521107074
396631 27218269319
396633 5998622989
396634 15106002849
396635 33888299165
396636 13645351024
396677 20085672140
396678 24115412175
396680 47639378539
396681 20060090641
396682 33219761346
396683 20209257077
396684 45424331155
396760 11308140413
396761 48564981550
396762 33615168922
396764 5862822882
396765 6332912676
396766 44569403881
396767 47988439870
396768 13183693541
396785 16619156260
396790 47409702697
396799 48139145752
396802 28456458122
396803 18373806018
396887 48194941879
396888 43469278805
396889 47667544508
396890 46287365485
396891 31355910166
396910 40425060070
396911 47669555951
396914 32891161785
396915 46695317915
396916 1627769679
396918 3069958867
396919 7197903960
396921 13955604891
396993 48375664382
396994 12054907103
396995 19134003655
396997 48342252421
396998 16289842210
396999 41874701247
397000 28488885743
397049 9548706875
397062 4834890121
397065 2585074171
397066 48720624541
397067 48409312147
397068 47705040760
397069 46955530039
397070 47852894572
397176 48560831789
397177 2988626738
397178 22389927142
397181 36576501078
397182 48774458251
397184 24022249190
397201 49059103129
397205 3531529133
397206 20330927504
397207 39028797531
397208 32759139767
397290 32609998971
397291 48636261949
397293 48444552792
397294 26702318563
397295 4869259809
397296 20101062316
397297 45602614581
397313 48241660150
397315 45967219497
397316 27228477158
397317 13241971600
397318 22639786623
397319 8158680280
397320 47655405765
397322 6261847751
397401 47201455486
397402 10690892317
397403 47519257091
397404 46792096619
397407 42197269054
397431 12139844886
397432 44547579339
397433 48212803216
397434 47795730469
397436 21930766015
397437 23100508207
397438 19797096037
397440 3222361830
397511 5325699096
397512 4612568806
397513 47197043280
397515 47099277748
397516 2054571806
397517 6289626699
397519 35086499507
397520 10277406007
397524 48032375599
397525 44670918654
397526 24776776899
397527 20467599722
397531 11829577234
397532 16645115542
397533 3925138682
397534 16673695662
397535 28323358453
397577 1989321771
397580 1769943244
397581 40532579247
397582 3359383344
397585 8241863228
397587 47063739369
397588 13053986930
397589 29354956187
397590 23664400667
397692 45407499875
397694 2183231018
397700 18858008523
397702 6015728983
397705 4370087696
397706 47029270309
397708 47514726210
397710 9097536153
397711 41238923104
397712 17294089771
397714 47206709700
397715 25418639335
397735 20397800837
397737 47000936180
397738 23088858217
397864 28507305470
397866 4911860311
397867 48246230469
397868 3942023265
397917 18863639405
397929 2589867752
397933 6958693389
397934 43881810244
397935 3546168485
397938 6005664382
397989 18824984329
397990 8428928525
398005 6305986032
398007 8786307038
398009 10239572773
398010 33337069669
398011 46728981423
398012 46870553708
398013 12273300513
398014 15490744135
398017 47695149706
398018 6113133587
398019 47304839062
398020 27571310316
398026 34729686758
398027 48519557716
398028 36599002741
398029 48626635882
398030 48834923520
398031 46300791565
398119 47490618391
398120 47466311173
398122 48241553891
398123 35429961898
398124 48209613774
398125 37129559215
398129 2795710484
398130 16879604527
398131 4778280068
398132 18936331537
398133 25307920304
398134 2824016424
398137 45369024993
398138 16246001634
398139 4538174698
398140 38259858631
398142 39560153033
398144 14617370579
398145 8887909722
398146 10348616845
398147 43827294340
398148 6517201274
398149 47770611220
